0 1
1 1
2 7
3 250
4 21867
5 3725702
6 1096355494
7 513875333940
8 361121449989171
9 362961084011245198
10 502496711191618404882
11 929337000359116522329132
12 2238572532534241145084855934
13 6875030222633195280825967544508
14 26436454884630260855874989243890732
15 125304611910632929837574902376030078312
16 722197937691046779841896401904443922547011
17 5001278040133403463420948765644618061340764126
18 41176367803032010795700363209710692509974103620250
19 399267153396302057979793943255825725465895230706570748
20 4521226834039663176459234307553400059156291257326304593354
21 59335579081631140673548653592868001224870422997656488321870708
22 896270550270971033466229857469873652639323370809711727308693253844
23 15484435014187066868827571330862072080826281502272631652917835091485656
24 304218126986926575451885318342012899608813844067056473615870522292170480238
25 6761057949896145370410742365922664329404783157732706882819051579518583141998764
26 169149745346229860272541304609953619542185768326057843285615977929255284998233805556
27 4742450091406493072804025643588469917710483766660046468664162031882901537644965476250040
28 148388175600336414314930059583162991905250737257109173234031393874440907395023434746482487196
29 5161536064570272567698422283269502317490886596904990757671302477084472385548784333488514407078456
30 198872367154272593876975545562196242523758089156424314605932632217518880281599770738958398762909424600
31 8459051782077073803674963559098156541783884574945410640928323281788407874204992337255988179752046653859536
32 395958853940969102997874200360248696617730530838249547412121662447914541592584109877087423687305143544213965155
33 20336382057659537961663747767098394813461032894930256454039295791216319774508884464217373398672019301971891890862974
34 1142835805767856909540974681889008115303245865590813482803692855743358506593534891611315344991326132881371355166507855850
35 70087754387360258059778500398610482481482940295801471886987190800420441816298793446757050871908456727319093961811777511182364
36 4679233102733016650006413937412862077478227621309107787530106557843622486876994341713671530207656559695789229618874152743276550930
37 339286528555154070679108284793345168876649156822512211740654369769993202881100947573215892110222805698066243726792805226710304893991876
38 26659836367209710626357287637549726447979689745056087130606749144536612213013009926781923926664007091756544630346206954297909776048680803012
39 2265358298507096274245431549260953380065675223179900513643064963044109472147989194367535516281665118611025541926007448410605422397951861859006072
40 207749887423557627208036577907674280051038010206289937386738626167352100717186381625172246847195301383878311101310594997034869942293967749030536232698
41 20523334439269765614404273318852753083512876706744325706414378417351943576355710805331947184811005023341695370118763027833196161379335461826869111656617252
42 2180101764662827122005149667609226592654416961700317221623156445076481658190819051936179655765583728924933316602310551467440156555273930777331082362357874633180
43 248589474948163845780375994431991634879819112237689370030045765040078237994170349822274439848845137347913622582517463375469835022453566515635704591197238094826470056
44 30377750041866258439689850408030535961204216754389245885464886124946322212004146059653187193667561393262984752744515122105328888929602176549904550431207340418150574887716
45 3972072584806130203470407477282249269210295416135600099497942948193331085621999205728232883969991065968856632675058899270627614181069783516376082038432005790670032725865460680
46 554905690785844749316406329923883698255592598611704816189020395923371336143799926946573560886823361790037059156827484278480739631373882095832063638556725753492595157291385462103656
47 82706819346548090608854382212129894337997738234494500544892518669440201816910223016295772836931596606676556839818808671960661129450853173458517593934150339738801905142675091713485372848
48 13133773246695947610294307814927818066586281401890419427375075720044943398575612749636398003358783608311155388845383653691197609236779777387359191605662859364267243992873132478551607687567694
49 2219188837163091666526575609021441295938672854233979270766225487049629459914690897219621919701488135195040683660232313282784830231181067620853853873029545606188868650439741909713915946536615433484
50 398482395131092587947244685316088563583282943322960068884478879283897863624234110513820241108834249931244373823126704401999899562810946053548604978795976117239369360922241471802632356760672720756255204
51 75946794605064192169547465749598419181124835862201204019176661738744882719285774300633824301726893351856300978724421756197530281191589600390406529247659652918693974837591673596035745109760926291853809110552
52 15345849184147100629122585740287752709652167813939519230374373031836602185496914464084786057143526296209772991350941522522149595927103850015113602126700386014674694641455270921532157803657057445389311793039004324
53 3283738597585589493330343451711008075185014720304336878699167195179067298479487580626527413195143506103528257527902246693583310175154098582488919903211391234575239224145540581052576419501692299007597538830741835585800
54 743319625851067267537151902562870376751135265593420496347879728619967183111750303185348921256637252763918768946085121304270584157868049520677930925926711799958569797357863552916633811337098954035653339318547243649987099464
55 177812532981294116731585600404634696857741967131111147753533413358948375954389355831952037299534287565518767418200917264240602285062905919784402247823943414339202910489470938478628656637108289433446848803503066545163676478188144
56 44905084006422166023255573045630988930594713730598723166265797290558006366453780396535619014172778620201675154278059504105188572572851291096039123613601767702827016764481740499563454657634486373633919032487244058764327455530240303868
57 11960712390829622346459183924790562699815703847175219232281177550826363122954247226868565201154944981039753679327132820368544087829118102454259761148848479520130005639562273326183703004083212564506258166118681582929395522346974502599583640
58 3356939899991423433262603365598845420051631362404879167205702296069356977338855185094965948356460264510085465283385051582981588424504185693612331986207681456143184640587741599543140098411668285805564603534070761073113467151849359530091265788712
59 991894528958763797048328462079900964775226167845093347952018090780220935632174120870054824651457431375589831791096304485784555370191264929930971976309296563632790162378023029222632874969797126179936468754352500606788101425600693065644690511345540336
60 308280738652722954154732958692073541247523211428589327920553787157120020899052435049737230519002924301891872046364365636798483868591340675290589876763165630122736053647265658886510809270476358134326218581887144763215693029897334326624484763730810819119544
61 100698335107841444993853902440550896342178101768961351419343857492233653912403328487964019452837550231232127981895102274011619213893579732912876919299805992801270775922504444089433087026364206818457085195231681138224171020278581373195069925744317501706492766064
62 34541492336705637286911968140671737028521080451181998358882123295821926252203236041716887904318470015690417010291135728039301580964916063508901209273515774241507176056577177181234859012797155830084894841193247125996561255950178589280384052624539745334930967599154608
63 12432601470822478528978208993388719918220181872377984716915380259245497279804013736788374109893297911677477807197325973819529837825912813055912363099400549388698984252198426538253223181112826333433677810711498387768393653279849277185037993196004446346398502550072002756000
64 4691967553076946180196006600773380929554996136371691959391271443060246511813116237591688522707888929185110034540384880050876854760021225508278718324958830235250292051698972530584679258919825018109775523336509753800322009407596859950079785572733431105290762824276189141154894243
65 1855240786271797202580922285276866085848231195398217158878732186919461048092975400068819548546968754463096497966881891034474035676968708468003043680531808085516610434036104772759068926324092545694630015822549697558525198867733550885271433002690749043889357940963617498632242692982462
66 768047137639954134784162918390811447167609643151608730472063105573333507815533107621667422146459290219303873956812841857326438697478151356230109509616017926603835437357655568777466931092546438037277539168487952254285892395729378352904180779744271567892177364926771461121908482373385301898
67 332672677579166340673434126026758630821485882404260773414397257941117407249939065608847260397396252474500739385816877153942536675415802669811352504356988569738126306994214672464826432738682351014929356600493884545224236672196163101985806937408391677219615593953606592276970558341116584508671580
68 150659439898660423097921606450866596704137376602156044491741610146247465530805515871710210475896991019261532281711469214325482112208212058134490528269161914931941454921841179786385135612007854026098273069434987880832232168724513050293864450309260928285821521290657548469740229400525819223460804324834
69 71292254082544754502769199860487284151588855503894334357240602225163619824664360632195363958342409913259995175857644107049404601734485168935189860597715978043044361720992047218815709391213695304778491721297934823006676780678634715650295760976406310517798078830399625210068120144581907857889198145001709284
70 35227361982916775614422535020487781433599201717459995570255610626943719002021550075705451067974901859018275166630290867125493135387662259504801446941774594974306953343316053796243233533769392265393112583841413539671285397551610868201821716869900563710763985976310553551217227131286042688181762449418507496241700
71 18165296515937281148671888022439550180736396410423908993947631814932064359577540984153460964181204914437456921707172480965207836373601552885380701848093918543828105536849249003046380249021558268934954566789436748169877961953640785037195661320782321055790589499164685889609783981072257364247013830582580980144389673144
72 9769442038172519490239335902242184542860551118938064121565422527527598820037251964676821176193505069249722800969806796220865664075150057060291720505272252813715467196411172805450265216308714146412135075693924089015481539907978015320966156036978866250558016381355935128382523803053437036871200990007101196211004289910069442
73 5476579756912349590589308351556440691590699536784778790537691736300093361764348039546278800535916241365617261276887431048275945703604654626273553445702048274394764548562455232300522945558106973337371907555457529221949816791169381296730533289481622606842542426529322421909773509739880571728300036516627854853448754481276568510196
74 3198275224074777364684810746319148906384649231369013894344576285248177611615256833612892857886455393063933039029447526613555440027231417977083276714153953437013914683592872415208782226452573578685662101731211816346975501034927605852412037276937077311008698251739804038588673927823845475318339602325166439134165661989239219349040037196
75 1944688267301817968981014848686846966774876639002929693481109890594393143136739339134364947489729736026068089431994747920787691685912138774341091848859633687095377707977832635704295134256814611936763855431323430290489405211958594282800547194807537226112921243674639076587432913190058159378607225629840147454091465900253307760181414966868040
76 1230493222032038934528468652197373220708792792656502325571650973637960973495153674224264339122662119051204906190010099545807010990776583840478165356987688831698152704020519145477083085585167851971131232773500292431133687219730426226437716808541389368970169497535565364734342868182698837241323955375863907074713783811741202151267377311186870639700
77 809798473106325337282238786599257877840721697415838138462295365329200007569264528579232433671630929357995623604627499387054215897981147888936458242414970922138526986051953626794569271455395140157453772754947067811543906578323665505673509601371488346764324699320449314434205750686398519371896406148489087008571243822766117202330293924363943434217334056
78 554016196630995908762282868323367690856914001239148569148339490671434803271237043250243467360249449837009504403199083970144712202993348437446663921853073754733129318861291560060611334608650016422248489598862462606780762812531780708764633290803118600175351643231916986813274564695094635530372769513927700783200916456858177320316249755513326943503497114945992
79 393822630903673156363818828507729141330246143518704614512529266208809303795583461521471468232592228717375733385043103677396559649487430679140741806912205754937000576905283228073711182508207876300882152359758885660002005258740453871863906304939293439147251900587597197859214099529329636875290099790970394623391698548535200984935722264020186860882677095566725447408
80 290738080113811766562036579040336652169421172240732954936889672423702624369936456898847546062310374186497631009844641444726763440619469469120229345859252395129701298150127119317629305691216656362366635514973265998125952702148222799712976859566305820427405088349829258034944535222115673743255967850637658627159579451874252989282566584030004441448505348955326535853078106
81 222803377664571133561598473987506983024400646113358504000298970399885887075824485931933555934608404029273709090552449012494407263647048392845705632613360783425941955559113922976503478093974908090287880752918086514923086246487034395991334842105723584442817463625193354262793387656567865445276517601883534297171955716622034599147469961064663770053724921992649594158830172372484
82 177158018576334578707704296894045737506217865245182374171334608428299949008706308397976767547632969734663441786722656460693271844498170967617405577223513757686667860921572269355079136214019901887606356852277931516443927775490291549658950822377857549032097400875567891738536436761221333881741536190306806507185505115718270014966675208008873435070679111424939302918675418234473600140
83 146091343393418537360157901609538282399795617592384069518002662872166218046031192694607807080270028971260523266654601943098133213956748489209512502421264989691567985859656874363999053667581941534768872717435121167798061004066324616252628054746843747503221350418215456454178067029760099456261922386337666444636173539081371205966592547106856383682525272047840996711317941710859061703690376
84 124888623250174902960263739265293064324856991522740197217284298050282870456076075127810771509020954970039117520996447786131147613819431960910826348173174238655606650738546992228234347256830262937244929166440464061120971207221672616208968854798903572848839372048659413974661423874201772348887414080804741682610865946196324830529085729330762145167682096484287217466508512164680977005202584952684
85 110629412567759677095790229942883559240490158401266743264828760799233368071034433954386288795741487688124670519834815746495978172254763586226024936377227474617975448814154159308219884605376045796147786334502590744138490663709054571642880955756337697315828727374668036932332254171142556212706000553214862014966456064081332305914962525875650868248339244368700179534441810192411687862079799139310368024
86 101504809088957625613025788128990080830029955551613276202566720851857286840870044164720626642260296125199178601821755943115058026066326879289723866298602646191633288981312428446711467302508294799430122453584962780792553676071212777858057941786584122818992567611471518869859943907546158957035740504804346857961749313643862035630120937646784553060516586060156204378249967397988029778033574671886285532772696
87 96425979820995393844893601640980869740928252428893203258578057907732173524573772105946325275256963492086075477969363057545987024417996311815163466669866160842512064299805098658845839165295316605908560828378032396556427398167328402009643234020689166259077205489308037024063689808646501106774266983889578434496387416206415429472562494822461021377677316006812241348905844208015724507962254893588409493785692706384
88 94802573650999776331384061892474768051202560282411695593448190108397585073666483898831421321899950368269146526956453202834541989963304093580433020268407658749204937366988625384422413519221293381576075215766825307879444295211046312443965383280526984851204945865742046815142336258846577543939377552329603603694917784887541113701458160123456537157777366078440706644222829557102288060732864063024497525911595480895557444
89 96426394344045428026835055238376181434890325761943281451646852647487355710591429021110897930092973308537089014341209349112282318544677341915607394556788307579041010395660752867471833070134619452164283378700942750970450028545191151493825246171266923898507479118861114914943757128371905155958483316122951571330534679770481961117145288080804699221371076115332438394036555168521367534575205582559600785970115287263097899815912
90 101427646911496094210869777586949391525218081931801155478474350881241612235952526965952457150797819228884324307047893448800494946049379880566595347444232945410948520888278924302859149066049013551107418433015084844917037250383617976709497767262241308887660429493603461632832714489093185912473426275938830738164400673466157253775159918898923558791941457895199883506999943432075620277327243986383002299710927524697463788268772364248
91 110290965875769277503597557623940435339066147650021806034116952465113198440653364119481781984952940769127439556311421412959365358104942848341603196238973744954139256895964989801836030304283692781647246256617845820784815376519034917681459917497752809751844401091921159813172544349032628721443910567315904988767573156387609364873583713465096192273856588828480118480679060208504659751191531843516179407847242711357408823402286323164490512
92 123933518038173386421508955554983131858027269890751464079077319577857981617720286029158862066718891920673657200560458139174438220783227712090715119932957959828112082010766493907039803524690886768930134602888470061415269451444467470893881026978882262159683033872787671357369073894897772689628570444570207419257828268455232461909610302041276780872878133941273441063968894832736358528769942599295467193393480515388225575488412606020847695801480
93 143862752370291996259511652899661156745163798783051690619051234287507012602735855263566413934315910168581946944911900845424709332219314689019577866840817263993345161297700661879418351587015145184835111883224618662522739318638556958365464245947827489485306478546368674911636538677726441165183878661524848422927308469841538961523832725927786331015961820479549297414900172659601368951442088786448675154701537899765866666460789082926571186474528945936
94 172451713072351903191062241772327304306506852291740200386061349541698480893999551139889629305873624633111726401103139510366173578126465232440276903956183262409916234689478544259268334254173936467099116198048790386233410231555062970647891543035689934712541939584061222170882825852165267848149956865417322109685804981404588037180987171734526276973440773552211115322420787044742547188235129636690070865065600823893695437407454246800693785436120601571651536
95 213401878987037318244805102850115473006416281903320439174687607613352983739630361523201155229406294059890161764236746613208785043858688492784317898190827273434350054045132398829560409192385093225345909086317670467922834047887968081824793730560327655769707734890736034717007420567990251284637407151332440009905669580682296016770392271680902532889788062404548743284801481558955522044573221177632244651066744130355579810149397842187363414106343971035552166712160
96 272518296403552892779451178233361079233351499686845315898683622605489098908260235070160453508348801460432329980692301484033754314094765051180340477923334730665396226938257295436991542806884503100274771668717306879863818382536646936562748705700472511903650864953268864363139697185639668573276894100176592596661711202811028396153615475489289475091017202596867278371127101250954137598761054311660077698251597745953784880555338126884482087401485176157358622227659629326
97 359019403979719750996659705990131466392047178222117521551255405420985757641722874283610451834980442883850204303551097474260398106865827007202913638187887343745944195837067904266853407509747160110604826736571933452192292284971710804648163743892645202737012048942083870779133636834015875613941270196335406097792537868017334705646688688657231214174678585840630259237965035137023438976152945683648308258991194972014923588168357942920552575525539519050511198820030719907235788
98 487782317398736947155580407022108717538991533789155670540619238510233752706551146725118483294415799843527507964204709640438795446075929249717073656914550806253198014134529695217486676569140157391350803471723668149659236897328608634457301213824205605418217019531087597780553583961833309315010240075102675922087381015067489186776576284667223773755793547894648295894639781467726437077963268387570788884417044933733168716040077239710110434952980919147949425689927377222335937936964
99 683256748163805867439286457086838988464702352039242862227560420771617232986877297770261468735013226258328869013382762179500041770889676767825039022284034050601483807780681384514959269164946464567075519472657929298545264264322253071853602284749650546839227457837003546320675626843780156299274497208168618114852352422208744674608298398133883177698300953753699132397690712705106136213698688576759726242346016434142055156042031846475594161903132105433926593249640453077092779495681818584
100 986411586124903315568540957635998184666369639070840019668599334045993140701681259798691214329814161156359782900587425823723339414391795509088415254254010094716822218928375934507800674687944258037696043349414641001997448317622571146003575060036889360850428800436882363451661235136003528460739352249207515561704020844665739041581609880638143228875084752554284741723266925852824608029637717385081356713190341518301336692418205887583795989533693492960277198842593283026997323209942731599389716
101 1467296997078266996764204939787016653678319362792846298949108408139128221421222200399750600738066327304119718887615590292276004912040756030297125912104744928086648124641753980446820110266590716968669562525985363308449350443732742380317701730951193975144816972399320656455809568600630153910883218089319257127716591049735979713951987486467194798535534280274417851484954766452016979264463960345827992029298124184673468911132528053650695559900282568752923822258105020846619985065980548263693133760616
102 2248202222744070374560950642832317476331032843656593246620810234731577473282379867031352445974329431559520091028130287985270616997105286058929551575821122032701243942302253262200870016085994834245001545114580433978349418762140647625066547195387185416277875528925248850155552640202883942393794666333883401105195446536799265887934853828999343161588878592104578950748850110025099653102430252722896118685235018411776402310713174377793270582246757808378325505561330635719811431813869616489015254194463875944
103 3547190828034641461066620068365021736378859975611216390049802637156716828221011001287177491155859693855249838252198457658718827432215684348651654254963329129101235063123088082892817954772944954993662046234235416269667155145692935326266828504399482740631486055172528019235192495619259435256313443065449721035156934827108352998315061255194820360032335264312917134330997770971106135667273533781599835660075393143321592328095762534735864406548541296549521340376214446279407223228831526198532368566839469294822704
104 5761590078694723408581033191202363516950260991383201986310152092223308492176889926633502796217379507690880986483992392637483547279124162872247576160698047170841234739860084709621497042807443977263657281638154212509815340810678028502837477537645654354142048848808128621266483610120742798964079248893442095842913761989568924584441684653391130253839586834954907038606054282590537840919219510688527968253886380456257963073190603878374305454873593095665764121549452988122127179609026338691436482586307805267272900221828
105 9631367013805647910580038919803842838366517552303706192857043643946226354354079508547488853230176356006995607662098203188809073210543808665066561160171038357352383436216716797979641308830656322241202142208274739354277203260742556586689068756804494509792210947895952999013643012359335901367832914611199210348856648867912206538682411398842153925328694171212759142726513835167237522033428729764828187749230222521642621001316754395955091365810006795603952720636072041729233098551761381048650270028614828926943161751014585064
106 16565430461374512107369251456750696349192804730720272670225631842760974764662065677240301803982934602820260402513036775034796494091915473066645491345938601215043597617008860313007695463796309418651515759871070536598873283438386835107208721686099009267977403709809329181111262359043879307985512142875545961889551288976993955273776823457720893659518117747771501205310943399250897493707733196776608215826277802146048178452607763311100227864866700111895651035585064570481837862086285743194481906854603606227547717761286909171283992
107 29306935607878283280836287072306096665251472838901300719337171557469714424090354281837458454140764115162407755305921878120548314677899510700275851701734723272982814825140994109835343146830052719974218086413285760207502150241919310660404104060432863177998934616422825401610873367326147311414303611660477504188475044761943329284460428351184577595051996351694654863907002023077373807435802362678248145051857785813766563075905149567589369739301994470929461097001842720214150506192618447712720338884418396226250697696217549130427826235280
108 53318365470676017161636320325389253447381054171268219295527816200756399888233317084973609461388947636404069908296484580024043817506342383612338493872236602508452041197725647920411032234632003967067454989039851654964370199989522767796059818622649979443378565346888252261501758595504430998743507235509201929336862222124525755869387829411870414031534116022442874306144653322171434869015050668302286675505373088765072135087189912699135494674751173293466324979869926043152345266382146742884699741742612684103162864323581094907327320027680200808
109 99726350488064379819743357760949407528701960792578643752553919146090416724176453907162221369274903906133032691584989592110550169132949334982655020147009971195552610437410663461691265422747014945882870402043965820936872384755433504494971542877127821089040602584252806856125770179015812558073366798637665398094995279437866941756742328682265735913125879993434463693179598694075196206396762650801789653109970663584912840550030503112142561225097982709726111990498248174495488390548240209832522602048164762324028489221458300255766978248064958960774096
110 191716594557074795446308326928867870619288055850586222462875591254335597639172992084085470500593212884716382127997015394467028063143454869010122686421659856820373584349106910339160053896676778093939014352202242717116711356184737880530901513513880371431968111006704580068592739216146021683849057166505170885443982042619363445350809269343023341924515268916419965315267237200764133561723010662309420720369009589163104360672756146741661234102335757783018113129985641036208404114715888085367504718074404860671039966241021887896224004296252731870956082858000
111 378719929434499651281352199872923335056733085447889194054452913139424456784680834445901877645356468124556899885958117626624100869119993289265905038222551497369784324884314549075153299428051754628749609860578278095360334678066811699113619708492851947838253970442358371072662721810060899594715367159102093100059226858661499514236219651230621150845883451513919018153361267967270833529644405405618185881847527178490838385592894188092908701085255307751067230111856970009138036453139936234859908699066718356031154148319388355871708784283587627664251891348937359584
112 768562552796149118895740825729787905190765924238197266806732662781759314361302214584317129136369524246962518681256713534680858103344426181859705474587184346774670785505293509158068968460019451160944789891478234234127131680688359109690061618368856988362380788078925341029662127341162624708309251726016680905922102351599158789468725548546613110299606164067659433225219186668035901082783222226479534402730093259751870243117102855173638713378964258688368558302845072855846846479158241525519581788916714513059112166526229369848307359212325730157948033672860029817968572
113 1601912201473978943017104486383219631773577819496643048752067993600198591358221678259365008325294319058466130461767779625697840280028235848321525269932729041362171572618938998661692759498087839607284737573112519709761284884283437127001894228725178657828267618809253599750712888730357661520312762149537196183123643381457814221390100809017388950079129205115141356220624191072328307305749377147240281161453700667689708969264607636557747736938156312031837862164015101203282665024250404638454439423593488236328366893583695069044417661414255325425623035809580338957341439474520
114 3428422109296614468565071137563463305037188352960426490353213247742010063407414679506804430122848826152584431502635685758034255903148218368464694207826043732849970465916917226022819920623230719505809935297052801406784799592156354558640151781447944624190498854763085684675545432588957152825383989879943730965349233601204608105556554555755935918135222449389183738554809320250422026433433548936394838890569250618105174054676968257812316151766304938842967591103590612102614204166158614186556369653101777178271900042855291042976090026910760917007850588826083031930626619763246597768
115 7532608637162892797735301462101759673565453107173256298467161680253313779112342476458887648561720296881523856260140830551551406656729642088607064321225322045959490735482226653492220642383069772056847913202800438806843542431755718557036998903218504727446179811057011152379499638761336855563598776003232589248297995058360609574332956347477437821533445566615156004580433540492655557215587071937242378033897782068231403882605917873421058046665856171260083241103185177377537166022450449505999863109615577222163462273693445606985411437555847399076613278901890846604288623189709406967985328
116 16986083458601888222315224843359938755738956589103926339689359147653941928064008943957598578014668299853769897016554809623030884731540224003256853578290511715933552932466207192275714310323805017804946061157472358854063676466110426435016267922842686564944274729315930076177225226395926770505265886503117679489563845117215351887415267319847780373359711349720247854697500397686343515959572170315111928654633264375143842526590891010538761993367089822522345154751327326178574764192231559463897052174381335913059181087796400716392816667978305527032046795191847682151055322296846746630542507715464
117 39304359991603647222604286471692507392473278928646312009231275030482042787649010888162498248843653177963564761456314773131901904169637828912842476086658737597401156489820739672997868916225311839270527308113493218118323420847728126067203075321514337891240321342150378555060693872647018895793655785181606447467923036165514179142103506592203172186867512951380349554595667584339056427353971131155222737116061156551562712054066331359868312047535446438485264546915727184379021888685876903539245646518285553991778901560278825419482094518693725418220972905426757113139298459748381941324654771904084549264
118 93302306006143534568275606694856793668079589956824335433103288531755353267024877479780270485915979666149691502796978278130783679859107866256473904872316746714680061473193392643849513477215766998543645232703963303030446791796984073598177320615474315341928859551841672178877851868612536414927446174407350639749054514391232591664088200098040815873201245460686129612972338356330829519652798271053636320630431324374250821281261509732087382822579344459344306647822959939301149676856693154393235253602765588350046927692946497171098374078800920729011795114830036319075814090072690226878354427170521441174694160
119 227171769616308441180364339842006834111501563475382411445456332137089710344319787741166318478091826854516955808695465008287085614691955484027464647239193945249310178202393744341860014223937650889208801765386048064409678965865726159905781739050663896470670638149354984629742295685598439454853115629048405741796811591968000134464989941649973821237551991020344836545761058124051851851151254388161371035101319111720930762309626908198096199566849953508377423091268596300193789937611653238447011045265109772244246344914461300437963026561135535259611951124160197719854585199641108877392027495229832739783061844117472
120 567197637362654508804585477594595638053271199032803613673013453469636198243170270563686269414332518370544318396976350124325917440061938202794515277933573566697424054691923275074511012720408099106221987866491446333813863499802509648937553871629704523336578525616025122875273491777362638927568823507089434962382128691699621885847547659815708360000971349530638380284051640826895625534402405034953232425439769087417120100453583249284492007047331315025836906421936430786281734506795261292838878887326532803113238887242679904471907544678541704680521174956659111134951449979355845086527641529606430610180770809353589321336
121 1451917036605415178930291207239166563830941681591120785691146284307389643336643194398514079607600491220258318153354271313237495529361141187652455637577105219236314191243897519411952721813062544343858868928866935083921889389743320339997444607844163359763411726230090139336495202410043057423082630348778522420674141593447404006379292082423907502944253970456227557354663776545644977195627902851745490225276509668055928451185909577927268222859985081315687588911606894124172795361605649654581905469778814232465576988473873522184525688548391775320465910618860479298400608024353295003377654671122466049986597777981110038090655792
122 3809669389623244515736064241757312248378108020331879434953888220327117744231969917097820511375675144440305336698958632769219839574240857706267545641584823106080258053804886203664961840522219692512323234178894591916778019732971622608595411577490976702534751262621710887648892821408354856565736495820101730551362190411600424754976359951302481804219622778894305090001666667622204267418884818336314434513410785715634375277151084245508565192256474847663151606539244537866366774899092978597241766710941997569555686851803963891523179001554575384997791664366635237661812353068703916060121665548011437112599513048609560343536564876475216
123 10244319072076854561175647543749830157313822082677699283799902748046012058099751459094985734555962118259605960346546638735441002318397962160603263712552923088699005632696007545217816366031884760089485406908007944970675095707014578760691614156151622326619222643477949128129456648392763775348185738805509163268137022181077343018671873321789954441334816131093258265140091209814682944539560465869211746422330136883635031300560775689499226863117717145530831469830250799276544400738260646290963008092161910120305834463657518665768753406621636396061887133902802160315012564327865829603017025160280107508375938531566277627930095999319144021984
124 28225579771306942108493364910155723768102995304652581170746647396319268934219482266114079504091812607914338856594627995141913958153659316137734197222283453005580777287652362713713446669340363083480525587235670172679579636572554653566497814395498520989007879032014367464043000870002005573449459721730046345950307849772900678098312507310340116643055059936570667672220253544853918020158513955191188825511162855917810162867730141987272213689378314038782862378390506067123971775591339119378761563454743791926910770516489815623956198387923109842757073157122293236149361863487119565455342184669332802821244674838187489557461605549671826966727343472
125 79667584025531466242024221574968201543202211283157884542420776148744617741333786451612836117724888448210561887173011806490492152808554516423465712979088394668895382873917757374536788327451842127755448758877050414986368813860852537984617560412740300787067664972183664614508611908753136326372650331208178464783586942888618090409234077701573687670164969853124273569124924391627625504411583718742411780412478185299861699697394926684206947932104347288252165222640343004609715188948366109457885886782069945288156132856763756471304742900773531919403474624363841641841484959284510895901790613081244868645089206074221735879050871100114828744054973887748832
126 230311600907780250230668596306474637277321263811463204890359049032279188942969308738117006282201286192194496723176889206733987828387995871916591766719454041835890505924513315744729539175917838764156315270223781240572017427439860160892593173891683896836486066826823566606402905233282237060400535892464147886489928067180411962607296453990142736140535759010225919385052418815444158772387333446305094638171485466010163186618567424275330016880018451414317587882735621467037013928686496223100567079760382437521559093230026646685337673296081967230741278739814650144624608978052471192797159495550287648778954727406195920326890689578711797451059631018954249093984
127 681809560214192025675221355798624099639604322498549319870017439200719394260634848457932798589436471707606450784725331785511961223135084896333848251470074171112801930890674707245698645217069108607813587297180927217666405219337580443436782381750630374956715650844579302706745961319094230620718647150588655546949396825112090919548227216686256864438325372357006929724370213014684317042779277883298204828843417158027317521848053293518693291364601675817884496917176292872071053327914438728998403635290687415116131222863265539977762379992572840437451487490245363917148524351401674132645708963450436368856451192996962645171608520811358724070123247083446970375975877440
128 2066533599131466581275375802430838547381507541944011931322653824299005255828027973928466140007105521721093999575723071064424587735585654373809450130700591947086575625184519973282280269738865621795625596078978308562598634528652395578438974918555682208393493799764686911049523761787817599125269094552352591505391259645080072217712136829061171704906205535093789070869763153027605034274274644572786521585249736178235477554541812649227221856053476771812983141449666197665943305411523249274919347189696658203810709751998469186683583621713474203142473053061310079861797025081109548631087424594469421113911602846527301664669323973941125008882405088300966130457899295571935779
129 6411715379006833637858773259048733867712471994193400741935201263692484949745777079132935022659662557682351521383067554593963806133583321892318933185699568573924563951864013618641288898856290323922098097026901019590047868733793730516644258232141359046208519224361779193417471719740306951454787514722919017525811942594495944416573168033123611131849367598179667863091681091402042810143137028605822346705451299404281248795216935508949762496632368526673569194695711491084180418937655192450184061812051930677848918559667933914265937921278868228178316078965814599767867010286672706539472430499690703777309892260611062348690609199589675206978398515521750349463621591234031153622334
130 20360098856096231325100478675138925107739788730128913910524665761997969778065074632934017854009695730471962935742888289916269620248741146631569418386542551041603049456807732950358527790870726152080645791273400720315763622540376189441962248158652629578673649386606521373831001904830015577163986455511802307375405429428747467928037231193083423712526617347293046903879904019838349999897222349836639304782315958904594257459226474676256088391189628839510185144605681112967754698566239309967570486918557413929945686980496355232583001060043753694617035873159131904051941866939512445237579392077235922118201639531269807015216203932546084450500891323472898261478383124223185424437637882570
131 66157961908003121655617214648936078970200271273710984910831617148034611752278266023318345726440409046461000129277239807656765155972681023283897984231310964441843435099959332168920518627109501503415371626367874347081464075673455305992262137117021202348583412703148741449981529277032001782150435002468980466151856528189970794634096935487008631672560361431806856996872641081693588354812124225442272668511066996674825623098363191620615492170247216631484242079907867326962776975790185017662225974543320786926340529411174501107361894479453348576913925046642117989902558604827180802979611244767363411132330401206679996585567284399075378433197139943568761834279640660923396286705162295933827804
132 219940305928791195917072218990752494656353568321145166950859266633603792060905067392292894969584514394057872628378303991545916021858204437627509783356942603151318744847073397177853643611472477093498998336745078582321261492237933285192338944698772163949770420742160620475839332361841468532162209865326905879496455816399924307693611169217147903264351142580861912069845818506945346607815274491808385070784093317612339042027754573852707508836332415379727845425459990389003019890598426092812856652723160664295740446150095491261663364888452005516345738971300569714451931491630328531033526761707722102794126905626823447282213118777087966463561445012045939556960595040747006022750352593607258042071170
133 747950811037051810969239481534523019268062378033965483442261302790854158104896858401409582052313036927151670868501104926295850966239921407190887186814371477599030574702248279096749821053472921275698933791133603462625377994307481215209133481868565659911855384106893963479639300700854268007272937171212234527074562876391962786051798479846915023947766942007490167078018974630088240337215062649851376599608643141743727886556666786097807593298229109388291969050264053536313815694730759813838043873514296704071067755134167283931065320243455674998989101818287246798073598431236100289740386838748960536753913669883437571009783215886002856162861937606504496167053852960105365595553426494600355453585104459556
134 2601434609514905692840575494306265700332249875134959218203299727644387319594474969700786659381750837761783245600756882344510106237328881754814954683836643020888351984926638239571729760585439729621283087253601084301487157161155795557504934614957979353648720943442047379436600059365233364936654404048262828801302293314981678436575402272693404818196682909317084276787239103893762398976004220590578298425127987634314898321774263527836655236641512435088884706851677589231476944057488815124853565794477221053491658880164345393962808061569016627959101060086714973950464800034268919340388011723815188790629649317928304771517238015170480268433783795323995600901546396036665109675504915107002891789166827880811024100
135 9252342724970361829175917676290530219833656426134539370407212231704319550794193003363200766021878174723959540027462446404438961890181311978589253894853669479427825531538488301435079174891482226539159135849921580795733114426143965969431154723735161289003139954668171949395546624897502623508005814629297487854591604314123558522374694270494524382325456200944168834299608396931069857396191994672558420125941067261022596752806097137980819636190759312399717109555165500288822924497202604688137756890689714676142122657640079274014599758284871018624263130131452373824724017920882586960670526780275831908730154921836721715906257703229761497084412323731635704043233033429525130868749203077778360521991669001800931594185016
136 33644785451917656937065861416134707617044125975742508265984230108654812150719688143973082529519852940882602923969258534517000090569009735754597801956562627033386694830888322754671050644458925628200126736594331964326830815680972648589080404659782471608029922947172426745301285470847467286423327530366542926614355525479177927951497798973283892693066077225146286586210538749712982409718309282140518866149919142607274640598149542339819829862600864894450751454199855231715398188005328729789272226720539397140480458397579650420543549176334226285111876565196043408818776460992264353660332627387800535656506089948274506904765401452906271728714581882391555267411118930440900687852462794627534447684146620547049217838229032909970
137 125066343527945818296784895742936995899793402023648204147450230640573186445514890203224655221048529051687173788854771200071186823141463824897198600939175027841270931848097493592409294329420723847938895757755644161261676119985621164492197806480424758582035375314879688048754330649261308356964432817191681192783999845786752396056009149824866368569334718411476721251809088026182053187637014597493359367511254102672198811586435128766976150330611813732609179614373121924691345063529167791039853187147367535383100695735920726195282000109856086900056548322879631785255635833889341940925557433521721004976462155890159087649064497258386041866542945866609688063115037650120125608758283895424118077525284777466587964208395439129627798804
138 475171290410925905723003724187296528203928958442665599869664255270363710132312886884778332174674541636344793342936624407950305521993059796682982927054065958179787928152562468684217533103887362023389437985734081947527763644289555919206398903268660142525742520878037285375878282862212038058873552967786656801372362734487452693701139352387699820369246194538419755785597379376757335404496524433998995451953772653250052725141987458751683637643003340797269093733141507976092074866446846215891698809451734759269177993697146089848481980907245488767503410272860743344060376741101465174668996073523450190187977342660230688026193450505930717684416673275785866222928525333752563967008239049272395403853027862014102945879779468814565644805195692
139 1844923665875787717345464414657003173426481471090797685380888977553052416880603062855434422256734509334061530645302011998024182183304169453406180407126702284508170161765837526256463002802218743630142577464389714217253676783607546325996819188858182447669742797462505328142800321017879258436703899490081376037507655924408365070662462508586191096592689645747387470231626529044264081460219616664228294736273253424164900305243238028950061024026694971316414901464962836520757684059946085754324712863229491082645902476341283564271142028447373794508028605710263446061512177717136907629638294259790110657844451738356580467455100187885404585775286121256337181516777243674728699723996892122721946248154367992087226893691992404345796068893023139840136
140 7319096656523318656916731071167666839173795231991098449759847681588019605351266742174267293519631865999742597053802197078227729886345186314757145343561243483383613942002156594614158684879637622409887755422949530210842638987902121077840846647872880918658727671857424821171877951254952123392174862855187099054057906683259688268847087847294904236848482118946548759524027962406842546099040023252695291781444005197325013622278521943888227768296759057068182266682489210704976230115576523229973836589346897909094998555607750396399204833741252571266558911576752135532176475124077748917688031640963430553259009481585418487119154829916722045897443388612192862628400118744195578505652663305473583335892416793697631162543281872845578948918718146865321590836
141 29663391338239817373460486535385726900218335271964318585681446135599693641437480467093968386742661631183806606650705619051172332472795358172280977652133508990278140393430798779089768708479868771644684710387625964885692017269604567997898327643971232458287080236186632958637757428644962893929128085960261129421169189281569300491018524660699275728252087193069126791890289093450230490189530131633261498954706532326326410051487654762235261053149375496614066979352628497530363556294248801750246034444943269116723468936328574947578978203795739733123122725642909968470586908304534520175282919439093417295600998373574404283026155936560016088451590718884711257924938346688679830060574482099776531934712411677941485575917511762807693017363153057893318366611514088
142 122801216025074863990355271651438927411805948601301772422367949986283764532230508229880502558826441053110405079171553451249646336714621201460050362975768543423415388536214438644815774048025307649953966350914264178356171225866537824206109368784684998128101424871963793252379571784965437600438751144097944675339594124991047739224267159232321878975184701512800549717854981148777410387711955658871041175349658993390993076400976397872341458105259949035788001257158432521580032815930839698404788448580898297083430575707870901467526230144770301008589878896146138353970321663961574512828401885367840351997826053809924142836047602737371983546159094250034291866350176530709907959917121945840995645022490823061555356585716256706348258716214232617342038392287854775139208
143 519204338858791459804277020673681709251222024775903694386411991567973002914709806848318557728555964126778328701199546217785809061151365459653892184447498919963423257326793935290348614489039451011315782808940190212484859566548523668110405735356535380060140280794089624024565648714009603227748857787504075010056592287586662032396031995622185385808372851710437532635552733938889605018931264066583807243470385480330042097093163671407338711459557134127308431250321279918510653330126572544987230693438180285847627392228812961457456265421128960830298990662461255365914586060825705345667609192737062940228932680072639606815583204854781856165641488013723331621780863585169966408824721362999871605234129851754538198856531618143586265253270630502608681305447708674062150093680
144 2241629712457522800664817409804516436867740688345116260091809175945514779104484991843300103595460112277852850866118010918857101917161717048732868622913951779901138848388951197592459514888937748561030597279698531243490105480158882702776595093179754000879371327666552065107599188194415523478300460123901389982933203907325841902788327753419761020224511000763056245559211566644544352313586805086129766189094331175851737513308415270096622359818254404352468654325339517408799739420499471259604723792943906861953177771130987863307782488238405862302200099339292124354560919751365728782928677883989557142538559607834160600469299942308671769871448403208231402772079034783155729799245051129556007961450797691966053173197430323008800814110984259394421216555521930798252234173824615714
145 9881352051390480972775530840907758580551530568421092882640095391371537062221202218644030767375830766639999285305945763481563056645180416130767589843674704232744499871097082629501758838940790891785594395569549916398528143945961479939798195104845528028427248551326895929656856327006049995298886690904119086867354111660783100413111058686629734641476663213463586332970144761488234985907271151123710043685231744898172244054707549817596908743466812394921908616512978695934980549683196234272975280274964167905079257726907383026379979098284766904292321820199409107982559796071016617742778458073988984365707363013135717528309968002773073140790315402983933564867799175511195661561399960534698345913361478495694310461046739550379575594585680684588804710817701811909223986106812884422333652
146 44466576577641601774532436567674791179650338547237305209835462303626031397681592714621068311007589085336358628918150739951512831003645827398443224104239103995000208567265020458802008145768462859250114013844632974490445420513148909804110124975930579898435297085691374115260944020133379189929385612008768969588167090132606008955600145880228832620596084603487649894959595602958522545311541287047543238635172946991980371462708403079634675666072167597167449586102696106321071538201325350361291448458168346874247781962447708332140780212536841203823644454193496392122744704323851369988687328600982916626085647693751473879833249552367144525860387848423587473218116202017837614410427300099220712942019439882733370324490396230918407207668149906438911391364111867482469632138228091690300303013244
147 204246478961956673320198711776806443226058126152668157906501015371223572382128709738071321401433177689494906015835584409593056445896412463278957676584714558616884591291344370484338088141142858116298392958700545910993813925747565674903064662611145290296837527733859575915685494071626224588236206414472090460354030509605042773315099976534535051687911469925793644383817377144233229629445182491910125816868779992020092857866528326057672013300006080823513936213916680744108790585696297427140279918255452441675528620452896119393184630245570825783589196795288866809399251106607530996008636046407066135500427580075152923588665166429780559968984698075393912470706548696993791822018508495713234566756120981085559668107901926140669059162617757384519547602819473498080374142993334165585648737987903702312
148 957455484100385060964784030487751824770152721379297319191044178362759597459118199949878578726218092356782925514115734412326376454582049189428913534074540185785311639583573183566621439543725294373420277841279344280811500176139251360484089496479904570407549632922202031928389167328213634496892817320327266853698774874565321654782252000559077042828858828482705470687482084783633920115063264992592054595273164382018986430661951275678623037587864862507560041645694184829660877443675413249861975387284896188094709708332910525485447767200067122021504501949483303030238176238182710408256551900916697557297114157464498908842320121704513599598968732084956932952461639981073127806035816967213901563694214841208261481221127524827423842887995531867286654838543362608512206179159133545240626768521094962066629148
149 4580006727953684932873708862051469675707164017529078323518525165951009355975326272719470099172719559519719086477447171777940088792905364795881781512159049453483432643569122709462626788902820251878022901464660788795261083363150140126324389399654285165597574868024010691298672545535070124288151941586972083140251208994729683147027468305465824618037792596165392964522814910776033874733353415063027505764553634687279416768923545502494945668448831279405137236532960553518993654988119947122083806921499436836355682282485880728335613259516355263292150653825665958269859222951355151353325835138690748515602195555186876048801745634126319383450358885174007101243308698351439075101570851882596724201201399408605620728454730440702962454135202071955181218288755133170426819113368882938948225582454471420626115410772344
150 22353129529092041397951089003354870850532951916702975268047179109632176844793184159132125375001680727814710510645287099968748645218847581925825839975606648909409459793296077373741181744645221032178320538926210856010143814407742589792805046818904366000481587671590182537599889394896317715272226935462759362725890396892975219134236241699747153772173745162578591834118739898741074735074619769977425815180895495351948110962579297211558257802294701407504560311967461395902508893041118361701535425359163373774294909461446221128682272434719435715123816041851575311014019982192446556328844695071889176284943570579487679963012707079969445960016453793563725921390044195992419885799146395525985410269180218047468586056988380938622772191391242858604451396712890215079103470201434464674104476961179390963101288992671013989816
