64 1 1806
96 2 1083 442
112 2 1369 2837
120 2 1365 1210
124 2 3906 63
126 2 63 4032
128 1 2416
136 3 1477 1205 2230
144 3 3281 3238 1764
148 3 3591 3270 2364
152 3 567 2499 3409
154 3 63 4032 1752
156 3 374 2405 3226
158 4 63 4032 996 980
160 2 110 2420
162 3 63 4032 3622
164 3 3161 723 1319
166 4 63 4032 1265 2095
168 3 1865 1191 756
170 5 63 4032 814 125 3972
172 3 3186 1740 2457
174 4 63 4032 2470 2278
176 2 2597 249
178 5 63 4032 1652 3552 3780
180 3 1272 1039 2575
182 4 63 4032 691 2897
184 2 2852 2203
186 3 63 4032 2105
188 2 2755 1324
190 4 63 4032 2254 2920
192 2 3281 2193
194 4 63 4032 1776 2406
196 3 3396 3681 350
198 4 63 4032 938 1372
200 3 811 686 1144
202 4 63 4032 3186 2637
204 3 3744 2530 2109
206 4 63 4032 1340 3464
208 3 3162 1444 3628
210 3 63 4032 810
212 3 103 3665 814
214 4 63 4032 186 697
216 3 3162 2339 1551
218 4 63 4032 1952 2165
220 3 903 1817 2147
222 4 63 4032 485 2071
224 2 406 1480
226 4 63 4032 3400 2992
228 3 2702 339 3192
230 4 63 4032 2170 3376
232 3 722 2246 633
234 4 63 4032 182 2473
236 4 966 2532 1086 2189
238 4 63 4032 2380 2828
240 2 3352 2598
242 4 63 4032 1380 3715
244 3 3488 2849 2142
246 4 63 4032 668 1265
248 2 1114 2213
250 3 63 4032 2880
252 3 1191 2900 2384
254 5 63 4032 244 1683 2236
256 1 538
258 4 63 4032 3369 713
260 3 2949 2604 1082
262 4 63 4032 2063 458
264 3 1039 1496 620
266 4 63 4032 2636 3468
268 3 655 1816 3176
270 4 63 4032 2162 2648
272 3 1621 425 466
274 4 63 4032 157 3618
276 3 1414 355 2652
278 4 63 4032 2818 2978
280 3 906 3097 469
282 4 63 4032 2836 1474
284 3 746 3094 805
286 4 63 4032 345 2195
288 2 1091 1833
290 5 63 4032 2585 2964 2315
292 3 952 54 3174
294 4 63 4032 2190 1606
296 3 2710 2752 461
298 4 63 4032 421 1562
300 4 182 3100 907 3440
302 4 63 4032 961 53
304 2 3609 2272
306 3 63 4032 2848
308 3 277 851 3276
310 4 63 4032 189 3330
312 2 1237 2570
314 5 63 4032 2730 3620 1293
316 3 725 2212 1422
318 4 63 4032 1637 525
320 2 2132 3844
322 3 63 4032 2577
324 3 3350 156 969
326 4 63 4032 2954 2200
328 3 825 2583 1176
330 5 63 4032 2123 1145 3648
332 3 1844 2625 718
334 4 63 4032 235 78
336 3 1232 2954 2417
338 5 63 4032 3620 2162 110
340 3 2225 710 1816
342 4 63 4032 610 2769
344 3 2215 3684 329
346 4 63 4032 685 86
348 3 142 2673 1844
350 4 63 4032 680 1496
352 2 376 2625
354 4 63 4032 554 2709
356 3 2246 1833 519
358 4 63 4032 2209 3458
360 3 3840 1318 2770
362 4 63 4032 2928 1440
364 3 2340 426 1649
366 4 63 4032 1109 1412
368 2 1289 2736
370 4 63 4032 1736 3456
372 3 2131 1616 429
374 4 63 4032 1984 2880
376 3 3621 554 916
378 4 63 4032 808 3304
380 3 2819 1098 1206
382 4 63 4032 2700 600
384 2 832 841
386 5 63 4032 1164 1857 1817
388 3 2656 1562 903
390 4 63 4032 1074 1305
392 3 1613 2321 810
394 4 63 4032 2087 1112
396 3 1182 565 2400
398 4 63 4032 1157 2712
400 3 2438 297 341
402 4 63 4032 1810 2248
404 3 1484 2129 678
406 4 63 4032 71 2752
408 3 3240 1074 1349
410 4 63 4032 143 688
412 4 1323 594 1673 2516
414 4 63 4032 550 2692
416 3 3586 117 2339
418 4 63 4032 1225 2824
420 4 442 3137 1636 2472
422 5 63 4032 3468 964 1185
424 3 1256 3331 676
426 4 63 4032 2102 2089
428 3 678 344 3145
430 4 63 4032 2626 2272
432 3 613 3843 69
434 5 63 4032 1233 1575 2321
436 3 28 220 3874
438 4 63 4032 3841 2816
440 3 2339 710 1292
442 5 63 4032 450 170 2961
444 3 960 1140 2315
446 4 63 4032 1346 1170
448 2 2261 2177
450 5 63 4032 1315 2626 181
452 3 581 1208 2315
454 5 63 4032 3330 2761 1062
456 3 165 1289 1370
458 5 63 4032 2578 90 2620
460 4 686 462 3617 1057
462 4 63 4032 120 3208
464 3 924 641 1737
466 5 63 4032 2136 1745 77
468 4 2161 1576 3591 458
470 4 63 4032 21 2357
472 3 2496 374 1097
474 4 63 4032 2129 1920
476 4 2103 27 1481 1346
478 4 63 4032 1410 688
480 2 149 2338
482 5 63 4032 1352 1108 2392
484 3 3192 2950 3088
486 4 63 4032 3360 1218
488 3 146 659 2380
490 4 63 4032 135 60
492 3 408 3621 354
494 4 63 4032 2337 2566
496 3 1257 3372 200
498 3 63 4032 52
500 3 504 1027 3651
502 4 63 4032 116 2122
504 3 7 1776 655
506 5 63 4032 2089 195 1268
508 3 2785 1298 525
510 4 63 4032 644 1671
512 1 1312
514 4 63 4032 712 3344
516 3 1538 739 3860
518 4 63 4032 2904 2128
520 3 1600 3209 1862
522 5 63 4032 37 3171 3341
524 4 3905 2120 3228 2275
526 4 63 4032 1746 896
528 3 966 82 1310
530 5 63 4032 1396 1592 50
532 4 298 1678 2179 3153
534 4 63 4032 1836 49
536 3 1049 2354 197
538 5 63 4032 2860 660 3075
540 4 455 3808 26 315
542 5 63 4032 3633 14 3729
544 2 545 2331
546 3 63 4032 1036
548 3 1388 2227 321
550 4 63 4032 1154 667
552 3 119 644 2762
554 4 63 4032 3328 2786
556 4 2580 2206 867 84
558 4 63 4032 2232 416
560 2 1184 2382
562 5 63 4032 3073 2193 2453
564 3 1681 2148 1290
566 4 63 4032 965 104
568 3 196 1937 1706
570 5 63 4032 3218 2068 2629
572 3 1254 517 3356
574 4 63 4032 3416 400
576 2 1137 1156
578 5 63 4032 1988 168 2892
580 3 944 3150 1048
582 4 63 4032 1154 874
584 3 884 138 3808
586 4 63 4032 2562 1512
588 3 3335 2620 200
590 5 63 4032 448 2830 3633
592 3 1732 3365 2432
594 5 63 4032 100 84 469
596 3 521 2166 1506
598 4 63 4032 704 39
600 3 1167 481 529
602 4 63 4032 3269 772
604 3 2120 1832 159
606 4 63 4032 696 1537
608 2 548 1361
610 4 63 4032 2368 1682
612 4 352 1309 1720 2702
614 4 63 4032 388 15
616 3 168 3920 2317
618 4 63 4032 52 1039
620 3 2114 441 3604
622 4 63 4032 2120 1557
624 3 1127 3652 25
626 5 63 4032 3147 518 547
628 4 3281 994 604 266
630 4 63 4032 1184 2819
632 3 3682 1156 2075
634 4 63 4032 3460 577
636 3 2488 1126 769
638 4 63 4032 56 610
640 2 2817 276
642 5 63 4032 3348 388 3098
644 3 2472 3125 578
646 5 63 4032 790 2084 1241
648 3 50 424 3603
650 5 63 4032 1733 2576 472
652 4 162 3649 828 2135
654 4 63 4032 3144 37
656 3 1428 577 2189
658 5 63 4032 7 711 600
660 4 3396 2168 1683 7
662 5 63 4032 118 333 644
664 3 331 2604 1044
666 4 63 4032 322 3714
668 3 38 3097 962
670 4 63 4032 1300 385
672 3 1064 2146 2480
674 5 63 4032 1033 462 2062
676 3 2185 594 1316
678 4 63 4032 13 1073
680 3 3138 1452 515
682 5 63 4032 201 1745 112
684 3 540 2084 1475
686 4 63 4032 676 529
688 3 521 353 1173
690 5 63 4032 2760 2348 274
692 3 285 3218 608
694 4 63 4032 2210 1792
696 4 805 291 2054 2762
698 5 63 4032 338 11 1670
700 4 3612 2275 1440 2306
702 4 63 4032 74 1668
704 2 2060 306
706 5 63 4032 184 386 1252
708 4 1810 2116 221 2338
710 5 63 4032 2106 1546 13
712 4 168 587 3396 2657
714 5 63 4032 2692 56 2326
716 4 3732 134 357 1035
718 4 63 4032 176 3078
720 3 3282 304 2628
722 5 63 4032 2058 624 2819
724 4 540 1153 246 2892
726 4 63 4032 1153 840
728 3 84 1706 3081
730 4 63 4032 53 74
732 3 1537 2310 249
734 5 63 4032 2144 3344 710
736 3 524 2620 324
738 4 63 4032 2818 1216
740 3 11 2676 1412
742 5 63 4032 393 54 1282
744 4 545 2976 329 3154
746 4 63 4032 44 27
748 4 2053 1904 203 137
750 4 63 4032 1036 3328
752 3 152 3368 101
754 5 63 4032 1539 400 3408
756 4 1266 2060 779 1728
758 5 63 4032 2084 2688 3404
760 3 162 3077 602
762 5 63 4032 3152 593 2688
764 4 1429 2058 609 1508
766 5 63 4032 2497 1537 3084
768 2 556 544
770 5 63 4032 2378 392 44
772 4 1209 1078 2305 582
774 5 63 4032 14 1956 2114
776 3 210 1840 13
778 5 63 4032 2193 1190 322
780 4 693 1034 3162 22
782 5 63 4032 2614 2184 25
784 3 1040 2230 1553
786 5 63 4032 2838 769 2576
788 3 2432 109 1554
790 5 63 4032 326 6 3732
792 4 896 2312 2755 1322
794 5 63 4032 3328 114 209
796 4 261 2726 3353 1033
798 4 63 4032 1060 1296
800 3 154 1800 2054
802 5 63 4032 594 583 66
804 4 776 1079 2122 2496
806 5 63 4032 2060 35 2204
808 3 1042 642 2381
810 5 63 4032 1241 385 1792
812 4 3874 2817 249 768
814 4 63 4032 2560 3586
816 3 2638 1665 129
818 5 63 4032 1650 1026 1542
820 4 1798 3225 3170 1026
822 5 63 4032 208 1331 140
824 4 2066 1797 1480 1344
826 5 63 4032 265 564 2196
828 4 2116 388 1714 1803
830 4 63 4032 3096 2056
832 3 3 681 27
834 5 63 4032 2627 204 192
836 4 1321 656 1184 2375
838 5 63 4032 1665 2387 1152
840 4 1027 472 42 2872
842 5 63 4032 2176 1563 2704
844 4 389 3424 257 698
846 4 63 4032 136 169
848 3 140 1090 3395
850 5 63 4032 1138 17 2129
852 4 1541 513 2230 2382
854 5 63 4032 276 235 193
856 4 1824 2473 1280 629
858 5 63 4032 832 3586 194
860 4 2562 190 3857 52
862 4 63 4032 21 578
864 3 2652 2150 68
866 5 63 4032 1671 645 516
868 4 3784 2707 640 940
870 4 63 4032 3456 2176
872 3 550 2432 89
874 5 63 4032 3076 2177 866
876 4 3281 1088 1956 1099
878 5 63 4032 1680 1040 2884
880 4 598 1818 514 3972
882 5 63 4032 1648 3297 1088
884 4 3250 289 1540 1385
886 5 63 4032 576 583 122
888 4 2946 641 1288 1131
890 5 63 4032 14 214 81
892 4 2064 2954 2138 3188
894 4 63 4032 1281 104
896 2 52 1408
898 5 63 4032 1027 1733 776
900 4 3792 1168 809 262
902 5 63 4032 592 2203 37
904 3 818 272 2381
906 5 63 4032 3428 320 2402
908 4 715 36 230 3636
910 4 63 4032 3593 1536
912 3 1429 94 80
914 5 63 4032 2609 741 544
916 4 3633 2536 2054 776
918 4 63 4032 38 536
920 3 193 3976 52
922 5 63 4032 3124 2052 3724
924 4 636 3398 715 66
926 5 63 4032 1589 1310 20
928 3 1986 1159 1028
930 5 63 4032 2768 515 56
932 3 80 850 3241
934 4 63 4032 17 179
936 3 640 1732 2103
938 5 63 4032 481 320 2762
940 4 2474 2071 1685 3
942 4 63 4032 425 129
944 3 260 2311 3226
946 5 63 4032 1808 2582 18
948 4 125 2699 258 3346
950 5 63 4032 730 130 3474
952 4 151 1291 3852 257
954 5 63 4032 136 3212 285
956 4 2512 1357 1842 2064
958 4 63 4032 20 2262
960 2 694 132
962 5 63 4032 1253 33 1857
964 3 1892 34 2227
966 4 63 4032 3736 1152
968 3 2560 711 2857
970 5 63 4032 1075 1588 36
972 4 3366 2266 2112 2725
974 5 63 4032 2176 2949 1227
976 3 160 189 1594
978 5 63 4032 605 576 948
980 4 3024 2219 1117 2049
982 5 63 4032 12 213 1198
984 4 918 741 2176 2445
986 5 63 4032 2737 640 1809
988 4 882 257 2221 411
990 4 63 4032 272 1365
992 3 1745 1536 2579
994 3 63 4032 768
996 3 1152 567 3465
998 4 63 4032 250 2176
1000 3 1813 528 1254
1002 5 63 4032 3718 700 528
1004 4 3123 384 2508 3369
1006 4 63 4032 6 2379
1008 3 1678 2080 3117
1010 5 63 4032 3634 80 1904
1012 4 3347 2868 3 2761
1014 4 63 4032 2883 48
1016 4 3912 3465 516 3668
1018 5 63 4032 500 3164 1032
1020 4 68 1613 1248 2481
1022 4 63 4032 2698 576
1024 1 320
1026 3 63 4032 516
1028 3 257 3094 937
1030 4 63 4032 260 2889
1032 3 3101 33 3490
1034 5 63 4032 2792 1594 2064
1036 4 603 3281 260 2405
1038 4 63 4032 549 68
1040 3 1075 2056 2350
1042 5 63 4032 794 2158 130
1044 4 2311 65 1000 3164
1046 5 63 4032 199 570 1088
1048 4 1960 149 2850 48
1050 4 63 4032 12 2355
1052 4 934 1609 3984 144
1054 4 63 4032 1026 1596
1056 2 1040 2532
1058 5 63 4032 1056 1037 1198
1060 4 576 3177 2343 1944
1062 4 63 4032 1920 36
1064 4 1028 675 3040 1223
1066 5 63 4032 2484 3633 520
1068 4 3224 543 129 3428
1070 5 63 4032 96 795 1708
1072 3 1559 854 2176
1074 5 63 4032 2080 1062 3344
1076 4 2112 2788 428 795
1078 4 63 4032 576 2468
1080 3 3625 260 3281
1082 5 63 4032 1814 65 2150
1084 3 2837 1326 192
1086 4 63 4032 3083 260
1088 2 516 339
1090 5 63 4032 257 1628 1736
1092 4 72 1139 2236 2976
1094 5 63 4032 310 219 520
1096 3 520 937 3092
1098 5 63 4032 1684 468 1026
1100 4 2400 1677 513 2327
1102 4 63 4032 6 3201
1104 3 497 33 1292
1106 5 63 4032 1584 192 2480
1108 4 3170 257 3658 246
1110 5 63 4032 2900 1665 36
1112 3 1166 257 2614
1114 4 63 4032 2112 1922
1116 3 1636 2499 24
1118 4 63 4032 20 15
1120 3 869 2376 516
1122 5 63 4032 690 72 3714
1124 4 2829 5 474 1080
1126 5 63 4032 2266 2112 1808
1128 4 17 1579 1220 1307
1130 5 63 4032 1685 832 2112
1132 4 1762 3589 264 2199
1134 4 63 4032 2594 9
1136 3 929 2629 18
1138 5 63 4032 265 288 3203
1140 4 649 260 1351 3185
1142 5 63 4032 1088 1575 2328
1144 3 66 2437 3624
1146 5 63 4032 144 57 616
1148 3 992 2063 1040
1150 4 63 4032 65 3232
1152 2 528 2122
1154 5 63 4032 258 2132 603
1156 4 3665 520 2460 354
1158 5 63 4032 2050 568 783
1160 4 3 3648 685 1830
1162 5 63 4032 3137 492 144
1164 4 65 1412 1861 2230
1166 5 63 4032 2464 80 1644
1168 3 476 3072 616
1170 5 63 4032 3760 297 80
1172 4 2482 3360 72 3591
1174 4 63 4032 2560 480
1176 3 34 3840 2265
1178 5 63 4032 2259 576 1412
1180 3 1197 2384 514
1182 5 63 4032 2248 1728 2304
1184 3 2704 40 468
1186 5 63 4032 2563 144 2318
1188 4 1280 2600 669 2278
1190 5 63 4032 5 1594 1544
1192 4 2296 1280 111 2565
1194 5 63 4032 1168 844 260
1196 4 2819 1212 1680 12
1198 4 63 4032 42 768
1200 3 2273 562 1028
1202 5 63 4032 283 516 2160
1204 4 66 1953 45 2204
1206 5 63 4032 1732 2304 1560
1208 3 34 1812 2185
1210 5 63 4032 12 504 1600
1212 4 2729 640 112 1142
1214 5 63 4032 2234 30 33
1216 3 129 1076 1320
1218 5 63 4032 642 693 9
1220 4 1384 2050 661 449
1222 5 63 4032 544 1762 2306
1224 4 3715 1642 1536 262
1226 5 63 4032 3282 69 1152
1228 4 2128 34 427 2676
1230 5 63 4032 11 1040 1716
1232 3 1544 437 260
1234 5 63 4032 3200 173 6
1236 4 2886 2080 1104 2473
1238 5 63 4032 48 1792 3087
1240 4 2562 5 3256 2325
1242 4 63 4032 23 40
1244 4 2049 2865 1408 1738
1246 4 63 4032 17 322
1248 3 336 2176 3736
1250 5 63 4032 129 2336 1167
1252 4 2144 910 144 1241
1254 5 63 4032 20 2347 2114
1256 4 513 1216 2676 2635
1258 5 63 4032 2056 2170 1552
1260 5 1370 20 2688 380 1197
1262 5 63 4032 1858 40 23
1264 3 17 2340 706
1266 5 63 4032 272 264 282
1268 4 1760 1281 6 2590
1270 5 63 4032 1081 6 1792
1272 4 3074 1859 288 3192
1274 5 63 4032 1064 257 1480
1276 4 1892 2049 922 1120
1278 4 63 4032 1029 272
1280 2 1040 266
1282 5 63 4032 12 1120 3856
1284 4 2084 3480 192 2643
1286 5 63 4032 129 966 3104
1288 4 40 2588 1396 134
1290 5 63 4032 24 1865 261
1292 4 1833 2112 2166 530
1294 4 63 4032 1092 2176
1296 3 1025 82 2858
1298 5 63 4032 138 6 1048
1300 4 3341 280 576 2227
1302 5 63 4032 3652 384 1568
1304 3 3328 34 725
1306 5 63 4032 1026 769 2296
1308 4 1092 2127 1456 10
1310 5 63 4032 3328 640 972
1312 3 528 289 3394
1314 5 63 4032 3092 20 4
1316 4 2326 2208 576 1195
1318 5 63 4032 1928 2112 273
1320 4 2945 1544 3242 80
1322 5 63 4032 400 1088 29
1324 5 1280 2389 680 1926 193
1326 6 63 4032 392 66 96 1386
1328 3 2049 1922 84
1330 5 63 4032 916 3074 72
1332 5 2065 1614 2513 1280 716
1334 5 63 4032 34 448 3840
1336 4 5 1613 2714 1544
1338 5 63 4032 17 2368 674
1340 4 579 260 2088 1940
1342 5 63 4032 1088 19 300
1344 3 2050 193 533
1346 5 63 4032 132 104 2352
1348 4 672 2056 2506 1045
1350 5 63 4032 608 3456 9
1352 4 514 97 2396 627
1354 5 63 4032 2112 2612 1664
1356 4 3356 276 231 1032
1358 6 63 4032 24 1396 35 1608
1360 4 36 1731 641 3144
1362 5 63 4032 768 3075 168
1364 4 296 528 2247 2872
1366 4 63 4032 28 34
1368 4 2707 514 288 1320
1370 5 63 4032 3136 640 2357
1372 5 280 3105 1642 192 3717
1374 6 63 4032 1329 64 320 548
1376 3 2564 99 144
1378 5 63 4032 168 1601 6
1380 5 1830 2050 2505 1824 200
1382 5 63 4032 2560 1472 97
1384 4 516 2144 441 1290
1386 5 63 4032 576 1281 2196
1388 4 1044 544 1590 457
1390 6 63 4032 2355 288 1536 1541
1392 4 2457 2056 288 802
1394 5 63 4032 3136 1200 768
1396 5 5 2178 2592 207 1332
1398 5 63 4032 58 5 1216
1400 4 2688 1097 2164 258
1402 5 63 4032 6 54 384
1404 5 288 3174 2053 644 285
1406 6 63 4032 540 3552 24 2049
1408 3 896 3072 524
1410 5 63 4032 514 288 531
1412 5 260 67 3073 710 3369
1414 5 63 4032 2947 3 1088
1416 4 640 380 3073 1072
1418 6 63 4032 669 1300 34 272
1420 5 72 108 1433 3874 17
1422 6 63 4032 1026 9 1158 227
1424 4 2374 48 123 2304
1426 5 63 4032 2177 20 515
1428 4 1098 2128 64 933
1430 6 63 4032 2416 320 5 1558
1432 4 1058 1112 1024 2953
1434 5 63 4032 192 2768 12
1436 4 5 1549 498 48
1438 6 63 4032 5 1549 3083 2560
1440 4 3396 9 80 2130
1442 5 63 4032 2186 3073 2048
1444 4 128 164 2443 1744
1446 5 63 4032 2082 2077 2048
1448 4 517 3288 50 1152
1450 5 63 4032 1152 3267 40
1452 5 675 1028 2402 288 1117
1454 6 63 4032 3334 1026 3188 96
1456 4 899 524 512 3874
1458 5 63 4032 2296 10 192
1460 5 1312 2857 3222 1536 800
1462 6 63 4032 1088 2357 48 1557
1464 4 3472 3072 12 1551
1466 5 63 4032 3 2611 2176
1468 4 18 965 132 1083
1470 4 63 4032 384 18
1472 3 1280 236 132
1474 5 63 4032 2560 1026 1130
1476 4 128 131 1484 2740
1478 5 63 4032 1579 20 513
1480 4 245 32 2088 1587
1482 5 63 4032 1446 2560 33
1484 5 1280 1212 2928 96 3843
1486 6 63 4032 1732 516 2049 1223
1488 4 2304 1163 10 729
1490 5 63 4032 60 8 25
1492 4 1216 64 2327 872
1494 5 63 4032 3424 3072 640
1496 4 260 2452 1088 2107
1498 5 63 4032 1032 18 1480
1500 4 20 264 811 3412
1502 6 63 4032 2183 2304 48 1481
1504 3 2215 132 1032
1506 5 63 4032 1058 10 384
1508 4 40 1559 1536 3012
1510 5 63 4032 1024 1041 1582
1512 4 24 3384 129 366
1514 5 63 4032 1745 40 1040
1516 5 1133 3858 1358 2 35
1518 6 63 4032 2853 130 257 128
1520 4 129 3369 1229 320
1522 5 63 4032 2176 3353 65
1524 4 2096 3087 972 2048
1526 6 63 4032 2052 1203 1088 2277
1528 4 2379 2964 260 80
1530 5 63 4032 347 528 2049
1532 4 1400 2823 2304 520
1534 4 63 4032 528 2052
1536 2 1536 258
1538 5 63 4032 2080 1110 144
1540 4 599 2978 144 1032
1542 5 63 4032 192 3876 1040
1544 4 2125 1025 528 1254
1546 5 63 4032 3715 2072 2048
1548 5 1669 813 1745 384 2050
1550 6 63 4032 536 1177 1208 8
1552 3 2048 2320 1258
1554 5 63 4032 322 2 1814
1556 5 2389 320 3426 2698 1025
1558 5 63 4032 3398 1 641
1560 4 208 399 128 1393
1562 5 63 4032 560 442 16
1564 4 4 380 1030 1923
1566 4 63 4032 560 16
1568 3 2184 8 2390
1570 5 63 4032 36 913 66
1572 4 1091 924 8 2088
1574 6 63 4032 49 2106 16 2536
1576 4 1938 2084 472 4
1578 5 63 4032 32 3480 2084
1580 4 256 784 3276 615
1582 5 63 4032 2058 2 629
1584 4 64 2120 3602 1737
1586 5 63 4032 613 3080 2048
1588 5 2112 2883 1582 3 2228
1590 6 63 4032 1366 2823 12 17
1592 4 32 1238 845 560
1594 5 63 4032 2192 16 2506
1596 4 1139 256 1284 3722
1598 5 63 4032 1168 1024 3012
1600 3 912 1024 1060
1602 5 63 4032 1227 145 16
1604 5 144 101 3792 2095 1026
1606 5 63 4032 57 3072 6
1608 4 867 512 3273 770
1610 5 63 4032 1572 2372 4
1612 4 69 1 1365 3722
1614 4 63 4032 3200 1024
1616 4 1842 1692 2 50
1618 5 63 4032 4 292 2601
1620 4 846 401 3232 128
1622 5 63 4032 102 32 57
1624 4 2390 32 676 1080
1626 5 63 4032 50 2 2945
1628 4 822 2068 2048 1229
1630 5 63 4032 43 4 1044
1632 4 1171 522 3328 1024
1634 5 63 4032 64 76 537
1636 5 374 1024 2103 2729 1030
1638 6 63 4032 1 105 2701 1105
1640 4 2 2151 784 1154
1642 5 63 4032 690 25 1
1644 5 1428 2883 64 170 3136
1646 6 63 4032 4000 578 867 64
1648 4 512 3688 1856 912
1650 5 63 4032 3200 128 1113
1652 5 1024 1027 1235 1127 2348
1654 6 63 4032 8 2144 392 697
1656 4 4 689 1388 37
1658 6 63 4032 50 1338 2853 2
1660 4 3416 835 228 64
1662 5 63 4032 55 8 2568
1664 3 2180 128 3116
1666 5 63 4032 128 643 3264
1668 4 1584 1611 1024 3460
1670 6 63 4032 448 1032 157 528
1672 4 185 129 48 1614
1674 5 63 4032 2093 13 1
1676 4 3339 512 628 608
1678 6 63 4032 546 940 17 136
1680 4 32 2438 1746 416
1682 5 63 4032 2596 2696 2048
1684 4 64 3908 90 241
1686 5 63 4032 295 256 282
1688 4 1 225 333 3099
1690 5 63 4032 64 3712 70
1692 5 46 1834 4 740 2581
1694 5 63 4032 2 1346 2706
1696 3 928 512 3602
1698 5 63 4032 25 2248 16
1700 5 1621 615 688 512 2953
1702 5 63 4032 2194 16 1872
1704 4 2 1258 2438 643
1706 5 63 4032 2326 2216 2048
1708 4 1638 2136 963 64
1710 6 63 4032 2226 22 4 872
1712 4 521 93 2603 512
1714 5 63 4032 2048 2578 3240
1716 4 32 231 568 3370
1718 5 63 4032 1424 3680 1024
1720 4 2 2122 551 2481
1722 5 63 4032 1061 32 2354
1724 4 1569 2189 1 2386
1726 6 63 4032 1100 3970 8 1194
1728 3 8 3208 2091
1730 5 63 4032 1024 1572 3602
1732 4 843 2732 1560 512
1734 5 63 4032 1731 2307 1
1736 4 331 1414 1 2097
1738 5 63 4032 54 4 22
1740 4 2097 824 1230 32
1742 5 63 4032 1063 29 4
1744 3 1352 2949 256
1746 5 63 4032 2821 256 904
1748 4 1580 777 512 2258
1750 5 63 4032 23 16 2168
1752 4 2258 64 613 1377
1754 5 63 4032 1678 128 417
1756 4 2048 3905 2129 2110
1758 5 63 4032 16 1820 2256
1760 3 8 315 78
1762 5 63 4032 1024 1169 3672
1764 4 128 2652 480 1175
1766 5 63 4032 16 308 1179
1768 4 3976 16 1309 594
1770 5 63 4032 2 210 2334
1772 4 231 2048 2713 3344
1774 6 63 4032 3284 16 1713 113
1776 4 2587 1 2406 1289
1778 5 63 4032 32 2272 2160
1780 4 645 3850 124 512
1782 5 63 4032 2322 1325 2048
1784 4 311 2 2115 669
1786 5 63 4032 128 1944 394
1788 4 64 2605 864 474
1790 4 63 4032 4 788
1792 2 308 32
1794 5 63 4032 160 2560 6
1796 4 1349 3592 1714 512
1798 5 63 4032 2589 128 170
1800 3 256 3157 802
1802 5 63 4032 99 32 683
1804 4 1328 256 2353 1734
1806 4 63 4032 256 449
1808 3 2372 2048 1692
1810 5 63 4032 730 1172 4
1812 4 32 791 2344 1223
1814 5 63 4032 2595 1 2077
1816 4 512 2634 1932 570
1818 5 63 4032 792 1226 512
1820 4 171 1094 3668 1024
1822 5 63 4032 468 3585 1024
1824 3 4 1904 900
1826 5 1857 2435 882 3213 256
1828 4 8 1730 2572 1331
1830 5 63 4032 4 110 1557
1832 4 1024 2473 1157 126
1834 5 63 4032 2755 256 2832
1836 4 1588 2680 411 16
1838 5 63 4032 8 1065 182
1840 4 1562 1862 1024 1117
1842 5 63 4032 3139 2 1354
1844 4 2708 128 1187 2888
1846 5 63 4032 64 2131 2158
1848 4 171 512 1113 773
1850 5 63 4032 3272 588 512
1852 4 149 4 602 3377
1854 5 63 4032 256 362 853
1856 3 329 256 845
1858 5 63 4032 778 22 256
1860 4 64 450 3132 970
1862 4 63 4032 16 23
1864 3 1848 32 2150
1866 5 63 4032 2836 2048 3872
1868 4 1301 1024 1306 2282
1870 5 63 4032 64 1889 3296
1872 3 920 2645 16
1874 5 63 4032 16 1109 3860
1876 5 1190 857 2977 4 1350
1878 5 63 4032 744 3424 8
1880 4 1628 3366 1860 4
1882 5 63 4032 16 1308 2141
1884 4 1820 2501 1191 4
1886 5 63 4032 32 2091 1334
1888 3 128 980 3472
1890 5 63 4032 512 2713 3844
1892 4 2458 2048 2680 3117
1894 5 63 4032 128 1070 217
1896 4 2883 2048 2172 2838
1898 5 63 4032 3097 8 3672
1900 4 32 811 317 3297
1902 4 63 4032 8 3100
1904 4 1230 2169 2048 3649
1906 5 63 4032 1 2245 2928
1908 4 2649 512 3110 2952
1910 5 63 4032 1295 3377 1
1912 4 1238 2048 2441 3267
1914 5 63 4032 1317 2218 1024
1916 4 1209 4 2375 2101
1918 5 63 4032 64 2978 1362
1920 2 1101 1
1922 5 63 4032 2514 3242 2048
1924 3 3666 2 423
1926 4 63 4032 539 1
1928 3 256 1478 3369
1930 5 63 4032 2819 1106 2048
1932 4 2215 412 1820 8
1934 5 63 4032 227 32 156
1936 3 1024 1764 3912
1938 5 63 4032 1260 234 2
1940 4 241 64 3874 527
1942 5 63 4032 2457 2102 256
1944 4 1024 469 3079 933
1946 5 63 4032 128 1520 1265
1948 4 4 3211 241 2821
1950 4 63 4032 3228 8
1952 3 2 2744 2195
1954 5 63 4032 128 3111 2281
1956 4 2602 2048 1680 1861
1958 4 63 4032 2170 32
1960 4 4 3780 2614 936
1962 5 63 4032 2673 3146 16
1964 4 2837 1099 32 241
1966 5 63 4032 32 745 215
1968 4 1024 3102 3372 2953
1970 5 63 4032 2865 4 1103
1972 4 256 1357 442 2592
1974 5 63 4032 726 3504 512
1976 4 1024 1834 174 3192
1978 5 63 4032 2219 16 1266
1980 4 3650 512 1107 189
1982 5 63 4032 246 1309 8
1984 2 3267 1
1986 3 63 4032 512
1988 3 2254 2 1889
1990 4 63 4032 2 1925
1992 3 1357 4 689
1994 5 63 4032 8 2608 2956
1996 4 1581 726 16 2476
1998 4 63 4032 2392 32
2000 3 492 1295 1
2002 5 63 4032 672 1 948
2004 4 1841 3222 1 1626
2006 5 63 4032 64 1827 158
2008 4 2714 3126 2898 32
2010 5 63 4032 2666 2048 1665
2012 4 3860 2978 16 589
2014 4 63 4032 1186 512
2016 3 1056 2770 2048
2018 5 63 4032 1 2560 870
2020 4 2204 1834 32 585
2022 5 63 4032 4 1858 2193
2024 4 8 636 1185 2070
2026 5 63 4032 20 128 1321
2028 5 107 64 3412 1025 1708
2030 6 63 4032 2980 130 32 2284
2032 4 1872 32 2380 3425
2034 5 63 4032 32 1297 2190
2036 5 136 753 1295 1115 64
2038 6 63 4032 1024 2823 2841 72
2040 4 3732 32 260 2536
2042 5 63 4032 2048 2886 16
2044 4 1385 68 2964 16
2046 4 63 4032 3332 128
2048 1 16
2050 5 63 4032 769 4 1067
2052 4 8 1738 2109 2097
2054 5 63 4032 128 3276 768
2056 4 1702 1433 38 1024
2058 5 63 4032 2881 1 50
2060 4 2082 725 64 3426
2062 5 63 4032 1833 256 3264
2064 4 1032 2868 4 1932
2066 6 63 4032 377 622 1 36
2068 5 4 2278 3608 2112 327
2070 6 63 4032 4 1635 1 2186
2072 4 68 256 2389 946
2074 5 63 4032 512 2 3658
2076 4 1890 2 2199 2176
2078 5 63 4032 62 1923 1
2080 4 3618 2638 8 2
2082 5 63 4032 376 16 2
2084 5 2838 260 1 10 1195
2086 6 63 4032 256 1448 2219 640
2088 5 1000 256 128 1103 1281
2090 5 63 4032 512 663 1280
2092 5 1265 192 2762 3398 512
2094 6 63 4032 576 1323 345 2048
2096 4 874 12 1024 1118
2098 5 63 4032 16 455 10
2100 5 978 1713 256 2364 20
2102 6 63 4032 2587 128 1619 320
2104 4 1708 64 2048 2247
2106 5 63 4032 512 3072 2135
2108 4 4 2049 1762 2079
2110 4 63 4032 1024 2304
2112 3 16 159 2
2114 6 63 4032 2784 544 64 3335
2116 5 4 1635 2476 1280 1380
2118 6 63 4032 2155 866 8 1
2120 4 1393 256 2184 2952
2122 6 63 4032 256 2048 1768 2520
2124 5 2962 636 3 1187 32
2126 6 63 4032 256 2666 16 824
2128 4 3345 2048 257 3654
2130 5 63 4032 512 32 866
2132 5 1621 1032 256 1804 3238
2134 6 63 4032 1056 4 1077 1581
2136 4 1473 2710 128 65
2138 5 63 4032 512 192 2792
2140 5 25 3504 2 710 64
2142 6 63 4032 24 93 2306 4
2144 4 2945 2048 1841 512
2146 5 63 4032 64 754 128
2148 5 1024 3085 2048 619 2516
2150 6 63 4032 309 36 3620 1
2152 5 1740 1125 3171 1 64
2154 6 63 4032 4 527 1 1206
2156 5 1536 3594 1394 8 1253
2158 6 63 4032 457 8 3480 128
2160 4 1745 411 1 128
2162 6 63 4032 2420 2 155 1
2164 5 32 3248 1024 2638 365
2166 6 63 4032 1 4 359 629
2168 4 2166 512 1025 3841
2170 5 63 4032 541 8 16
2172 4 8 1699 16 2332
2174 6 63 4032 933 1862 256 512
2176 3 32 1040 1336
2178 5 63 4032 1664 8 1672
2180 5 1024 125 1102 3850 2
2182 6 63 4032 4 2 1095 498
2184 5 16 2162 3354 2 1801
2186 6 63 4032 457 3610 128 256
2188 5 1776 32 2141 16 370
2190 6 63 4032 32 307 936 256
2192 5 1179 1024 1334 1551 2
2194 5 63 4032 564 48 512
2196 5 2290 2048 3145 64 1565
2198 6 63 4032 3459 256 1024 3394
2200 5 3473 2583 1 2 227
2202 6 63 4032 783 696 512 128
2204 5 667 2048 2884 512 3633
2206 6 63 4032 1024 34 1059 3634
2208 4 80 3206 4 85
2210 5 63 4032 2200 8 2176
2212 5 882 2253 320 128 2496
2214 6 63 4032 2 3269 323 320
2216 5 1177 2672 4 256 404
2218 6 63 4032 2106 256 2048 2311
2220 5 1024 599 1416 2 3106
2222 6 63 4032 342 2 123 16
2224 4 512 4 3780 542
2226 5 63 4032 2561 64 2625
2228 5 1396 2723 16 1090 1106
2230 6 63 4032 16 305 256 1067
2232 5 195 2 888 1165 1
2234 5 63 4032 23 2 1
2236 5 512 3099 486 2048 2577
2238 6 63 4032 1584 528 1024 606
2240 4 516 788 256 1944
2242 5 63 4032 128 432 16
2244 5 3912 2 119 8 1038
2246 6 63 4032 130 1024 1155 2649
2248 5 371 2048 2594 1686 34
2250 6 63 4032 816 272 512 207
2252 5 1730 1 55 32 2345
2254 6 63 4032 1037 512 900 256
2256 4 2460 544 4 612
2258 6 63 4032 1793 1280 512 3296
2260 5 1796 2381 512 2226 4
2262 6 63 4032 8 523 1 3111
2264 5 423 3344 2956 1024 256
2266 7 63 4032 1388 2248 1126 128 2048
2268 5 3440 8 649 128 326
2270 6 63 4032 64 256 864 1818
2272 4 1672 128 512 606
2274 6 63 4032 1 2097 16 1167
2276 5 2226 1 1289 725 256
2278 6 63 4032 2136 2048 1746 64
2280 5 8 2248 2227 717 64
2282 6 63 4032 2 2048 2127 2098
2284 5 40 1024 605 1066 2949
2286 6 63 4032 833 512 4 517
2288 4 59 576 1024 3648
2290 5 63 4032 267 1 8
2292 5 1734 2608 2048 2107 16
2294 6 63 4032 16 2 1230 2578
2296 4 512 4 660 1131
2298 7 63 4032 16 2866 3225 658 2
2300 6 2 3492 256 390 723 3394
2302 6 63 4032 2048 2216 222 128
2304 3 512 610 32
2306 5 63 4032 1560 512 1024
2308 5 2844 512 612 3171 4
2310 6 63 4032 1008 64 612 512
2312 5 1862 2 128 399 2194
2314 6 63 4032 64 527 1024 1136
2316 5 1446 249 32 16 2608
2318 6 63 4032 16 32 2673 180
2320 5 2504 8 2048 309 2073
2322 7 2048 1024 3600 3088 2705 4000 95
2324 5 16 32 3461 568 246
2326 6 63 4032 2132 64 2048 2505
2328 6 16 32 49 1078 673 844
2330 7 63 4032 2115 2 1 839 3083
2332 6 2506 1079 1600 3074 512 1024
2334 6 63 4032 545 2112 1 32
2336 4 32 8 622 3112
2338 7 63 4032 1301 2163 16 1169 1
2340 6 17 453 3603 558 32 49
2342 6 63 4032 32 608 64 960
2344 5 3149 16 90 2 310
2346 7 63 4032 512 2050 2837 3170 2562
2348 5 64 1616 1024 1380 3211
2350 6 63 4032 512 64 3784 840
2352 5 1024 256 235 1409 3400
2354 7 63 4032 1350 2101 2066 2 2048
2356 5 1103 128 688 512 2946
2358 6 63 4032 8 43 45 1
2360 5 3843 2600 2048 512 2964
2362 7 63 4032 1152 1888 64 632 1216
2364 6 620 64 1352 636 8 2251
2366 6 63 4032 4 2118 2820 2048
2368 4 4 2 23 614
2370 7 63 4032 49 359 1424 1 16
2372 5 512 283 529 1764 17
2374 6 63 4032 2560 8 299 2568
2376 5 32 1024 3155 680 3104
2378 7 63 4032 1678 2117 4 1037 1
2380 6 713 2305 2304 1 2375 1590
2382 6 63 4032 128 8 1306 1160
2384 5 512 776 264 2638 1826
2386 7 63 4032 3156 259 256 1 1603
2388 6 3158 262 256 451 4 2792
2390 6 63 4032 1162 1024 1173 128
2392 6 3634 1 1027 1178 2 2673
2394 7 63 4032 1 2 19 1740 2257
2396 6 3972 67 155 64 1266 1
2398 6 63 4032 1024 2304 1140 3328
2400 5 673 3088 584 1024 16
2402 7 63 4032 1242 32 1120 1611 1024
2404 6 256 2693 1475 262 2 316
2406 6 63 4032 2504 128 644 516
2408 5 1115 128 2 677 642
2410 7 63 4032 129 791 133 2575 4
2412 6 2168 1929 128 16 742 400
2414 6 63 4032 42 784 16 256
2416 5 2816 117 418 512 2304
2418 7 63 4032 3350 16 921 64 208
2420 6 1 622 2504 1040 1041 912
2422 6 63 4032 1 35 85 32
2424 5 1 1027 860 1024 165
2426 7 63 4032 512 3586 580 64 3214
2428 6 1024 512 3480 1552 2753 3366
2430 6 63 4032 388 256 4 492
2432 4 1984 32 512 672
2434 5 63 4032 2564 4 2560
2436 5 231 3920 1024 1090 66
2438 6 63 4032 3658 64 82 16
2440 5 4 2823 1692 64 580
2442 7 63 4032 1024 2048 1428 2234 3076
2444 6 128 1664 945 123 1024 3970
2446 6 63 4032 1 273 272 2204
2448 5 1688 2498 16 128 146
2450 7 63 4032 32 1 1057 650 1607
2452 6 2048 2061 2113 720 1834 1
2454 6 63 4032 2816 2048 307 256
2456 6 32 2387 3920 2172 98 2
2458 7 63 4032 259 1 2126 909 256
2460 6 2693 1251 262 256 377 4
2462 6 63 4032 515 1 512 2093
2464 5 5 540 69 64 1692
2466 5 63 4032 388 132 256
2468 5 1073 2306 972 2048 256
2470 6 63 4032 2 2048 3074 685
2472 5 3748 2184 1385 136 2048
2474 7 63 4032 1340 8 2 2984 138
2476 6 249 16 304 1746 2127 256
2478 6 63 4032 1168 1024 1825 128
2480 5 256 1960 691 265 1
2482 5 63 4032 1 49 16
2484 5 3080 3241 1024 822 2056
2486 7 63 4032 2273 64 2331 32 100
2488 5 512 1538 1024 221 2386
2490 7 63 4032 2 138 976 1649 8
2492 6 3598 2 175 8 2529 2058
2494 6 63 4032 518 4 853 2
2496 4 546 512 1317 32
2498 6 63 4032 1071 4 532 16
2500 5 504 2 2599 1024 1282
2502 6 63 4032 3730 16 2 146
2504 5 1024 1675 3349 1281 1
2506 7 63 4032 128 2180 3591 2048 3729
2508 6 3345 128 3936 1307 4 196
2510 6 63 4032 1585 2120 2048 64
2512 5 64 256 321 1938 934
2514 6 63 4032 128 1160 2898 1024
2516 5 1 8 1986 11 2740
2518 6 63 4032 16 280 711 8
2520 5 2048 435 2561 512 1382
2522 7 63 4032 20 1225 4 16 2304
2524 6 3218 2769 2072 16 3370 2048
2526 6 63 4032 512 584 821 64
2528 4 16 1024 3684 1041
2530 5 63 4032 8 1 73
2532 5 8 3226 807 168 128
2534 6 63 4032 64 2768 512 578
2536 5 256 814 2 1649 322
2538 7 63 4032 2592 2048 343 3606 512
2540 6 2079 2197 2320 16 2048 1956
2542 6 63 4032 16 52 4 158
2544 4 1792 1024 2157 256
2546 7 63 4032 1026 136 3161 1024 2
2548 7 625 1607 3342 2112 768 256 512
2550 8 63 4032 384 1024 2321 2048 1674 3072
2552 6 8 32 40 66 938 3652
2554 7 63 4032 1076 32 1057 1024 3009
2556 6 2215 857 128 32 42 160
2558 6 63 4032 10 2 8 192
2560 3 208 128 64
2562 8 63 4032 1356 18 19 16 2947 2
2564 7 2469 1152 3648 1024 128 178 1992
2566 8 63 4032 256 2583 3008 2532 1408 128
2568 6 2052 1944 425 489 64 2116
2570 7 63 4032 1600 2379 192 64 128
2572 7 2265 16 1430 825 2056 272 256
2574 6 63 4032 1 35 129 128
2576 6 2474 288 2050 2048 3162 2
2578 7 63 4032 2560 2048 512 1664 2364
2580 7 3780 3242 2048 869 1 1032 2049
2582 8 63 4032 3621 1024 924 1056 768 32
2584 6 288 3267 4 2048 500 2052
2586 7 63 4032 246 8 80 32 40
2588 6 2508 68 517 4 64 1559
2590 6 63 4032 16 512 36 528
2592 5 32 328 64 2457 96
2594 7 63 4032 2665 2 2560 10 8
2596 7 2440 1024 1636 2102 1811 3072 2048
2598 8 63 4032 640 219 512 17 128 3157
2600 6 896 47 1024 4 1028 3264
2602 7 63 4032 1 4 5 14 3666
2604 6 3874 1024 1056 2304 32 732
2606 6 63 4032 9 36 32 4
2608 6 17 16 365 1289 1 3120
2610 9 63 4032 576 1394 260 4 1748 256 1138
2612 7 16 3117 2577 1024 2823 1040 464
2614 8 63 4032 64 2 2349 66 1104 1368
2616 6 2 1697 129 2050 2048 2375
2618 7 63 4032 128 772 64 192 3073
2620 8 1712 1118 3715 528 16 512 1330 778
2622 8 63 4032 3873 257 256 2818 1 326
2624 5 8 128 136 33 1071
2626 9 63 4032 2376 768 256 512 465 3858 1669
2628 7 4 2 1322 2740 2661 6 1058
2630 8 63 4032 512 260 2048 3366 2560 1805
2632 7 2956 201 2 2210 3120 3 1
2634 9 63 4032 2168 8 2056 158 3252 2048 2824
2636 6 1576 2264 8 64 72 271
2638 8 63 4032 546 2961 2048 64 524 2112
2640 6 576 193 1411 512 3249 64
2642 7 63 4032 2570 2820 512 516 4
2644 7 4 181 68 64 1331 3212 706
2646 8 63 4032 513 2714 1667 1 804 512
2648 6 16 2594 1430 2064 577 2048
2650 8 63 4032 322 4 41 2135 16 20
2652 8 2056 2048 2649 3720 8 806 2330 1281
2654 8 63 4032 32 1344 2048 776 1621 2080
2656 6 1794 512 514 291 2 2087
2658 7 63 4032 2088 256 768 512 1160
2660 8 5 2726 206 2968 4 29 1 1360
2662 8 63 4032 1 331 284 129 1042 128
2664 6 128 2336 1067 8 136 721
2666 9 63 4032 16 20 690 4 1734 1563 780
2668 8 1588 308 3192 807 544 1802 32 512
2670 8 63 4032 1 2180 513 1287 512 2123
2672 6 2179 128 160 32 645 3490
2674 7 63 4032 259 1412 1024 128 1152
2676 8 1316 1889 130 128 952 2390 645 2
2678 8 63 4032 1456 1250 128 64 2592 192
2680 6 2632 470 64 32 96 1442
2682 7 63 4032 834 288 1456 256 32
2684 6 2048 1 2620 3141 2049 2434
2686 8 63 4032 256 288 1614 32 2209 1444
2688 5 36 32 526 4 2057
2690 7 63 4032 1024 1025 1 643 2573
2692 7 24 120 965 8 2737 16 3602
2694 8 63 4032 64 1168 2950 65 333 1
2696 6 1620 3722 64 1059 1088 1024
2698 7 63 4032 256 512 768 138 2612
2700 7 160 32 3682 1585 1337 1158 128
2702 8 63 4032 20 3213 16 4 147 1810
2704 6 36 1197 16 2 2356 18
2706 7 63 4032 192 128 64 2456 1155
2708 7 2048 2326 2016 2 2050 81 2222
2710 8 63 4032 1432 2048 16 3208 407 2064
2712 6 1026 476 2 3329 62 1024
2714 7 63 4032 66 2 3400 64 2160
2716 7 258 2 628 1824 2694 256 125
2718 8 63 4032 16 41 1024 1040 3336 1307
2720 5 54 16 1476 128 144
2722 7 63 4032 707 4 2117 1 5
2724 7 2304 57 2640 2048 3225 869 256
2726 8 63 4032 1549 3688 160 128 2148 32
2728 6 729 1031 2740 1024 16 1040
2730 7 63 4032 2384 2048 1644 8 2056
2732 7 32 64 96 3792 3118 3521 556
2734 8 63 4032 128 192 64 126 2373 2592
2736 6 512 4 30 516 597 977
2738 7 63 4032 1824 16 2082 8 24
2740 7 2453 1097 1590 1032 1182 8 1024
2742 8 63 4032 522 272 16 256 250 2737
2744 6 777 2048 2251 2304 256 2854
2746 7 63 4032 128 132 147 4 3721
2748 7 3603 1589 3 3784 2 1 1286
2750 6 63 4032 8 2048 1162 2056
2752 5 590 8 2696 1032 1024
2754 7 63 4032 256 164 512 3633 768
2756 7 2606 35 977 256 23 4 260
2758 8 63 4032 460 686 2 1669 128 130
2760 5 2278 10 2 792 8
2762 7 63 4032 900 8 256 264 994
2764 7 17 1 90 3524 16 2289 3972
2766 6 63 4032 16 2048 2073 2064
2768 5 128 1152 1576 3347 1024
2770 7 63 4032 384 256 2738 128 646
2772 6 544 512 2224 1370 567 32
2774 8 63 4032 1134 4 68 865 453 64
2776 6 160 128 32 1644 907 298
2778 7 512 1671 2424 128 3672 649 640
2780 6 36 4 193 1678 3185 32
2782 6 63 4032 64 133 2048 2112
2784 5 48 32 16 779 644
2786 7 63 4032 129 1 3188 128 2272
2788 7 1046 16 1834 1575 2064 2048 229
2790 8 63 4032 1833 512 2597 2160 1 513
2792 5 128 3147 548 16 144
2794 7 63 4032 1024 2192 64 1088 2729
2796 6 1792 8 1566 2499 12 4
2798 8 63 4032 781 8 32 3394 2140 40
2800 5 324 2049 1 2048 1848
2802 7 63 4032 2138 2048 1 3184 2049
2804 6 512 1670 2889 513 944 1
2806 8 63 4032 2888 1 625 2356 17 16
2808 6 778 2205 1187 1152 128 1024
2810 7 63 4032 2 34 1140 1550 32
2812 7 2488 1626 1024 8 1032 3171 1476
2814 8 63 4032 3150 425 1056 3214 32 1024
2816 4 1024 1536 11 512
2818 7 63 4032 64 8 72 178 1636
2820 6 1024 2387 2048 1960 2067 3072
2822 6 63 4032 516 30 4 512
2824 5 512 3968 8 520 94
2826 7 63 4032 1257 256 257 936 1
2828 6 2702 1 355 1024 1025 1648
2830 7 63 4032 406 4 3658 64 68
2832 5 968 528 16 2134 512
2834 7 63 4032 1332 1032 1024 8 150
2836 7 3432 2249 118 8 128 136 1834
2838 7 63 4032 2611 64 96 32 525
2840 6 1032 428 1024 8 603 158
2842 7 63 4032 130 2 440 128 2530
2844 6 2165 3342 1024 1 1025 1682
2846 7 63 4032 16 24 8 1611 1140
2848 5 1666 64 72 8 2232
2850 7 63 4032 66 2764 64 2 2309
2852 6 1024 1032 724 8 1379 2094
2854 7 63 4032 256 993 158 2 258
2856 6 1 3625 118 2838 4 5
2858 7 63 4032 16 2406 512 1432 528
2860 6 2828 20 1473 16 378 4
2862 6 63 4032 818 1024 1026 2
2864 6 461 1370 724 1028 4 1024
2866 7 63 4032 2690 256 288 32 347
2868 6 96 32 317 64 1748 2102
2870 7 63 4032 3238 2048 2882 128 2176
2872 6 3361 16 2691 1040 302 1024
2874 7 63 4032 768 2508 256 425 512
2876 6 2064 2884 16 948 2048 3658
2878 6 63 4032 8 1124 264 256
2880 5 2 130 128 1193 744
2882 7 63 4032 628 1690 36 4 32
2884 6 2048 476 1603 2050 2405 2
2886 6 63 4032 539 512 528 16
2888 5 3111 4 516 602 512
2890 7 63 4032 1937 1032 8 2954 1024
2892 6 1988 8 2754 128 136 3123
2894 6 63 4032 818 64 512 576
2896 5 2630 811 513 512 1
2898 7 63 4032 2821 16 64 2468 80
2900 6 318 144 3972 128 16 753
2902 7 63 4032 2048 4 3745 873 2052
2904 6 1686 1536 993 1024 512 1326
2906 7 63 4032 3625 512 64 576 869
2908 6 1 435 513 1738 512 2725
2910 6 63 4032 748 8 256 264
2912 5 2978 410 256 32 288
2914 7 63 4032 1 8 1589 9 866
2916 5 8 865 32 3222 40
2918 6 63 4032 1024 1968 2 1026
2920 5 2049 2048 634 1 3968
2922 7 63 4032 4 6 2 3270 3462
2924 6 1543 64 2166 32 1705 96
2926 6 63 4032 824 1024 1028 4
2928 5 930 1536 237 1024 512
2930 7 63 4032 33 32 3476 2296 1
2932 6 63 8 3480 40 2757 32
2934 7 63 4032 2949 4 36 1746 32
2936 6 2458 1226 1650 2560 2048 512
2938 7 63 4032 528 512 2222 16 2254
2940 6 3270 2048 636 977 2080 32
2942 6 63 4032 544 32 512 2268
2944 4 16 48 15 32
2946 5 63 4032 512 2 514
2948 5 1024 591 3378 1026 2
2950 6 63 4032 222 1 9 8
2952 5 2650 1833 4 516 512
2954 8 63 4032 8 3936 1889 10 2 3876
2956 6 1028 4 2418 665 1024 1649
2960 5 128 4 132 573 1008
2962 8 63 4032 2 258 3312 2292 256 125
2964 7 1536 1024 31 814 3219 543 512
2966 6 63 4032 1024 1280 2666 256
2968 6 1182 64 32 3333 96 1159
2972 7 1024 1813 2165 1152 1429 2668 128
2976 5 2 371 946 64 66
2978 5 63 4032 40 32 8
2980 5 128 2048 1876 107 2176
2984 5 65 1 64 3366 2000
2992 5 16 24 1421 8 1986
2996 7 1024 2699 2127 1280 256 694 2603
3000 6 1024 1 826 2740 821 1025
3008 4 3186 2048 2112 64
3012 5 8 3760 963 4 12
3016 5 2978 16 20 2409 4
3024 5 2049 1 980 798 2048
3040 4 16 24 8 934
3072 3 2048 3072 1024
