count 20708
128
192
224
240
248
252
254
256
272
288
296
304
308
312
314
316
320
324
328
332
336
338
340
344
348
352
356
360
368
372
376
378
380
384
392
400
408
416
420
424
428
432
434
436
440
444
448
450
452
456
460
464
468
472
476
480
488
496
500
504
506
508
512
520
528
536
544
548
552
556
560
564
568
572
576
580
584
588
592
596
608
612
616
624
626
628
632
640
644
648
656
664
668
672
674
676
680
684
688
692
696
700
704
708
712
716
720
724
728
736
740
744
748
752
756
760
768
772
776
784
788
792
796
800
804
808
812
816
820
824
828
832
836
840
848
856
864
872
876
880
884
888
896
904
912
916
920
924
928
932
936
944
948
960
968
976
984
992
996
1000
1004
1008
1010
1012
1016
1024
1032
1040
1044
1048
1052
1056
1060
1064
1072
1076
1088
1092
1096
1104
1112
1120
1122
1124
1128
1136
1144
1148
1152
1154
1156
1160
1168
1172
1176
1180
1184
1188
1192
1196
1200
1204
1208
1212
1216
1220
1224
1232
1240
1244
1248
1256
1260
1264
1272
1276
1280
1288
1296
1300
1304
1308
1312
1316
1320
1328
1332
1336
1344
1352
1360
1368
1372
1376
1384
1388
1392
1396
1400
1404
1408
1412
1416
1424
1428
1440
1444
1456
1464
1472
1480
1488
1492
1496
1500
1504
1508
1520
1528
1532
1536
1544
1552
1556
1568
1576
1584
1592
1600
1608
1616
1620
1632
1640
1648
1652
1664
1668
1696
1712
1728
1744
1760
1776
1792
1808
1824
1832
1840
1856
1864
1872
1880
1888
1892
1896
1904
1920
1928
1936
1952
1968
1976
1984
1988
1992
2000
2004
2016
2018
2020
2024
2032
2048
2052
2056
2064
2080
2088
2112
2114
2116
2120
2128
2144
2160
2168
2172
2176
2180
2184
2192
2200
2204
2208
2216
2224
2228
2232
2236
2240
2256
2264
2268
2272
2288
2296
2300
2304
2312
2320
2324
2336
2352
2360
2364
2368
2384
2392
2396
2400
2408
2416
2420
2432
2464
2480
2488
2492
2496
2504
2516
2528
2544
2552
2560
2576
2592
2600
2608
2612
2624
2640
2648
2656
2672
2688
2704
2720
2736
2752
2768
2792
2816
2848
2864
2872
2880
2888
2900
2912
2928
2944
2960
2984
3008
3040
3072
3104
3136
3152
3168
3200
3232
3264
3328
3392
3456
3488
3520
3584
3600
3616
3632
3648
3656
3664
3680
3712
3728
3744
3776
3840
3848
3856
3872
3904
3908
3912
3920
3936
3968
3972
3976
3984
4000
4032
4034
4036
4040
4048
4064
4096
4098
4100
4104
4112
4128
4160
4192
4208
4216
4220
4224
4232
4240
4256
4272
4280
4284
4288
4320
4336
4344
4348
4352
4384
4400
4408
4412
4416
4448
4464
4472
4480
4496
4512
4544
4576
4592
4608
4640
4656
4664
4672
4704
4720
4736
4800
4832
4864
4928
4992
5024
5056
5120
5152
5168
5184
5216
5248
5312
5376
5504
5632
5888
6016
6080
6144
6176
6208
6272
6400
6656
6784
6912
6976
7040
7072
7104
7168
7184
7200
7232
7296
7424
7456
7488
7552
7568
7584
7616
7680
7688
7696
7712
7744
7808
7816
7824
7840
7872
7936
7940
7944
7952
7968
8000
8064
8066
8068
8072
8080
8096
8128
8192
8320
8448
8704
9216
10240
11264
11776
12032
12160
12224
12288
12416
12544
12800
13312
13568
13824
13952
14080
14144
14208
14240
14272
14336
14464
14592
14848
14912
14976
15104
15136
15168
15232
15248
15264
15296
15360
15392
15424
15488
15616
15632
15648
15680
15744
15752
15760
15776
15808
15872
15880
15888
15904
15936
16000
16004
16008
16016
16032
16064
16128
16130
16132
16136
16144
16160
16192
16256
16384
