count 2842474
0
128
192
224
240
248
252
254
256
272
288
296
304
308
312
314
316
318
320
324
328
332
336
338
340
342
344
348
350
352
356
360
364
366
368
372
374
376
378
380
382
384
386
388
390
392
396
398
400
402
404
406
408
410
412
414
416
420
422
424
426
428
430
432
434
436
438
440
442
444
446
448
450
452
454
456
460
462
464
466
468
470
472
474
476
478
480
484
486
488
490
492
494
496
498
500
502
504
506
508
510
512
514
516
518
520
522
524
526
528
530
532
534
536
538
540
542
544
546
548
550
552
554
556
558
560
562
564
566
568
570
572
574
576
580
584
586
588
590
592
596
600
602
604
606
608
612
614
616
618
620
622
624
626
628
630
632
634
636
638
640
642
644
646
648
652
654
656
658
660
662
664
668
672
674
676
678
680
684
686
688
692
696
698
700
702
704
708
710
712
714
716
720
722
724
726
728
730
732
734
736
738
740
742
744
746
748
750
752
754
756
758
760
762
764
766
768
770
772
774
776
780
782
784
786
788
792
794
796
798
800
804
806
808
810
812
814
816
820
822
824
826
828
830
832
834
836
840
844
846
848
850
852
854
856
858
860
862
864
866
868
870
872
874
876
878
880
882
884
886
888
892
896
900
904
908
912
914
916
920
924
926
928
932
936
940
942
944
948
950
952
954
956
958
960
964
968
972
974
976
980
984
986
988
990
992
996
998
1000
1002
1004
1008
1010
1012
1016
1020
1022
1024
1028
1032
1036
1038
1040
1044
1046
1048
1052
1056
1058
1060
1062
1064
1068
1070
1072
1074
1076
1080
1084
1086
1088
1092
1094
1096
1100
1104
1106
1108
1110
1112
1116
1118
1120
1122
1124
1126
1128
1130
1132
1134
1136
1140
1144
1148
1150
1152
1154
1156
1158
1160
1164
1166
1168
1172
1174
1176
1180
1182
1184
1188
1190
1192
1196
1198
1200
1204
1206
1208
1210
1212
1214
1216
1218
1220
1222
1224
1226
1228
1230
1232
1234
1236
1238
1240
1242
1244
1246
1248
1250
1252
1256
1258
1260
1262
1264
1268
1272
1274
1276
1278
1280
1284
1286
1288
1292
1294
1296
1300
1302
1304
1306
1308
1310
1312
1316
1318
1320
1324
1326
1328
1330
1332
1334
1336
1338
1340
1342
1344
1348
1352
1356
1358
1360
1362
1364
1368
1370
1372
1374
1376
1380
1382
1384
1388
1392
1396
1400
1404
1406
1408
1412
1416
1420
1422
1424
1428
1430
1432
1436
1438
1440
1444
1448
1452
1454
1456
1460
1464
1466
1468
1470
1472
1476
1480
1484
1486
1488
1490
1492
1494
1496
1498
1500
1502
1504
1506
1508
1512
1514
1516
1518
1520
1524
1526
1528
1532
1536
1540
1542
1544
1548
1550
1552
1554
1556
1560
1564
1568
1572
1576
1580
1584
1588
1592
1596
1598
1600
1604
1608
1612
1616
1618
1620
1624
1628
1630
1632
1636
1640
1644
1646
1648
1652
1656
1660
1662
1664
1668
1672
1676
1680
1684
1688
1692
1694
1696
1700
1704
1708
1710
1712
1716
1720
1724
1728
1732
1736
1740
1742
1744
1748
1752
1756
1760
1764
1766
1768
1772
1776
1780
1784
1788
1790
1792
1796
1800
1804
1808
1812
1816
1820
1822
1824
1828
1832
1836
1838
1840
1844
1848
1852
1854
1856
1860
1864
1868
1870
1872
1876
1878
1880
1884
1886
1888
1892
1894
1896
1900
1902
1904
1908
1910
1912
1916
1918
1920
1924
1928
1932
1934
1936
1940
1944
1948
1952
1956
1958
1960
1964
1966
1968
1972
1976
1980
1982
1984
1988
1990
1992
1996
2000
2002
2004
2008
2012
2016
2018
2020
2022
2024
2028
2030
2032
2036
2040
2044
2046
2048
2052
2054
2056
2060
2064
2068
2070
2072
2076
2078
2080
2084
2086
2088
2092
2096
2100
2102
2104
2108
2112
2114
2116
2118
2120
2124
2126
2128
2130
2132
2136
2138
2140
2142
2144
2148
2150
2152
2156
2158
2160
2164
2168
2172
2174
2176
2180
2182
2184
2188
2190
2192
2196
2198
2200
2202
2204
2208
2212
2214
2216
2220
2222
2224
2228
2232
2234
2236
2238
2240
2244
2246
2248
2252
2254
2256
2258
2260
2264
2266
2268
2270
2272
2276
2280
2284
2286
2288
2292
2294
2296
2298
2300
2304
2308
2312
2316
2318
2320
2324
2328
2332
2336
2340
2344
2348
2352
2356
2360
2362
2364
2366
2368
2372
2376
2380
2382
2384
2388
2390
2392
2396
2400
2404
2408
2412
2414
2416
2420
2424
2428
2430
2432
2436
2438
2440
2444
2448
2452
2456
2460
2462
2464
2468
2472
2476
2478
2480
2484
2486
2488
2490
2492
2494
2496
2500
2504
2508
2510
2512
2514
2516
2520
2522
2524
2528
2532
2536
2540
2544
2548
2552
2556
2558
2560
2564
2568
2572
2576
2580
2584
2588
2590
2592
2596
2600
2604
2606
2608
2612
2616
2620
2622
2624
2628
2632
2636
2638
2640
2644
2648
2652
2654
2656
2660
2664
2668
2672
2676
2680
2684
2688
2692
2696
2700
2704
2708
2712
2716
2718
2720
2724
2728
2732
2734
2736
2740
2744
2748
2750
2752
2756
2760
2764
2768
2772
2774
2776
2780
2784
2788
2792
2796
2798
2800
2804
2808
2812
2814
2816
2820
2824
2828
2832
2836
2840
2844
2846
2848
2852
2856
2860
2862
2864
2868
2870
2872
2876
2880
2884
2886
2888
2892
2896
2900
2904
2908
2912
2916
2920
2924
2928
2932
2936
2940
2944
2948
2952
2956
2960
2964
2968
2972
2976
2980
2984
2992
2996
3000
3004
3008
3012
3016
3020
3024
3026
3028
3032
3036
3038
3040
3044
3048
3052
3056
3064
3068
3072
3076
3080
3084
3088
3092
3096
3100
3104
3108
3112
3116
3120
3128
3132
3134
3136
3140
3144
3148
3152
3160
3164
3166
3168
3172
3176
3180
3184
3192
3196
3198
3200
3204
3208
3212
3216
3224
3228
3230
3232
3236
3240
3248
3252
3256
3260
3264
3272
3276
3278
3280
3284
3288
3292
3296
3304
3308
3312
3316
3320
3324
3328
3332
3336
3344
3348
3352
3356
3360
3368
3372
3376
3384
3388
3390
3392
3400
3404
3408
3412
3416
3420
3424
3428
3432
3436
3440
3444
3448
3452
3456
3464
3472
3476
3480
3484
3488
3492
3496
3500
3504
3508
3512
3516
3518
3520
3524
3528
3532
3536
3540
3544
3548
3552
3556
3560
3564
3568
3572
3576
3580
3582
3584
3588
3592
3596
3600
3604
3608
3612
3614
3616
3620
3624
3628
3630
3632
3636
3640
3644
3648
3652
3656
3660
3662
3664
3668
3672
3676
3678
3680
3684
3688
3692
3696
3700
3704
3708
3712
3716
3720
3724
3726
3728
3732
3736
3740
3744
3748
3752
3756
3760
3764
3768
3772
3776
3780
3782
3784
3788
3792
3796
3800
3804
3808
3812
3816
3820
3824
3828
3832
3836
3838
3840
3844
3848
3852
3854
3856
3860
3864
3868
3872
3876
3880
3884
3888
3892
3896
3900
3902
3904
3908
3910
3912
3916
3918
3920
3924
3928
3932
3936
3940
3944
3948
3950
3952
3956
3960
3964
3968
3972
3974
3976
3980
3984
3988
3992
3996
4000
4004
4008
4012
4014
4016
4020
4024
4028
4032
4034
4036
4038
4040
4044
4046
4048
4052
4056
4060
4062
4064
4068
4070
4072
4076
4080
4084
4088
4092
4094
4096
4098
4100
4102
4104
4108
4110
4112
4116
4118
4120
4124
4126
4128
4132
4136
4140
4142
4144
4148
4152
4154
4156
4158
4160
4164
4166
4168
4172
4174
4176
4180
4184
4188
4192
4196
4200
4204
4208
4212
4214
4216
4220
4222
4224
4228
4232
4236
4238
4240
4244
4248
4252
4256
4260
4264
4268
4272
4276
4280
4282
4284
4286
4288
4292
4296
4300
4304
4308
4312
4316
4320
4324
4328
4332
4334
4336
4340
4344
4348
4350
4352
4356
4360
4364
4368
4372
4376
4380
4384
4388
4392
4396
4400
4404
4406
4408
4412
4416
4420
4424
4428
4430
4432
4436
4440
4444
4448
4452
4456
4460
4464
4468
4472
4476
4480
4484
4488
4492
4496
4500
4504
4508
4510
4512
4516
4520
4524
4528
4532
4536
4538
4540
4544
4548
4552
4556
4560
4564
4568
4572
4574
4576
4580
4584
4588
4592
4596
4600
4604
4606
4608
4612
4616
4620
4624
4628
4632
4636
4640
4644
4648
4652
4654
4656
4660
4664
4672
4676
4680
4688
4696
4700
4704
4708
4712
4716
4720
4728
4732
4736
4740
4744
4748
4752
4760
4768
4772
4776
4780
4784
4788
4790
4792
4796
4800
4804
4808
4816
4824
4832
4840
4844
4848
4856
4860
4864
4872
4880
4888
4892
4896
4904
4912
4916
4920
4928
4932
4936
4940
4944
4952
4956
4958
4960
4964
4968
4972
4976
4984
4988
4992
4996
5000
5008
5016
5020
5024
5028
5032
5036
5040
5044
5048
5052
5054
5056
5060
5064
5072
5080
5084
5088
5092
5096
5104
5108
5112
5116
5118
5120
5124
5128
5132
5136
5144
5148
5150
5152
5156
5160
5168
5176
5180
5184
5188
5192
5200
5208
5216
5224
5228
5232
5240
5244
5248
5252
5256
5264
5272
5276
5280
5288
5292
5294
5296
5304
5312
5328
5336
5340
5344
5360
5368
5376
5384
5392
5400
5408
5416
5420
5424
5432
5440
5448
5456
5464
5472
5480
5504
5520
5528
5536
5552
5560
5568
5576
5584
5600
5616
5632
5648
5664
5672
5680
5696
5712
5728
5744
5760
5776
5792
5808
5816
5824
5832
5840
5856
5872
5880
5888
5896
5904
5912
5920
5924
5928
5936
5944
5948
5952
5956
5960
5968
5984
6000
6008
6012
6014
6016
6020
6024
6032
6048
6052
6056
6064
6072
6076
6080
6084
6088
6096
6112
6116
6120
6128
6136
6140
6142
6144
6148
6152
6160
6176
6192
6200
6204
6206
6208
6212
6216
6224
6232
6236
6240
6256
6264
6268
6272
6288
6296
6300
6302
6304
6320
6328
6332
6336
6344
6352
6368
6384
6392
6400
6416
6424
6428
6432
6440
6448
6456
6464
6480
6496
6512
6528
6560
6576
6584
6592
6608
6616
6624
6640
6656
6672
6680
6688
6700
6704
6712
6720
6728
6736
6752
6784
6796
6808
6812
6816
6820
6824
6828
6832
6840
6848
6856
6864
6872
6880
6892
6896
6904
6912
6916
6920
6928
6932
6936
6944
6948
6952
6960
6968
6976
6984
6988
6992
7000
7004
7008
7012
7016
7020
7024
7032
7036
7040
7044
7048
7052
7056
7060
7064
7072
7076
7080
7088
7096
7100
7104
7108
7112
7116
7120
7124
7128
7136
7140
7144
7148
7152
7160
7164
7166
7168
7172
7176
7184
7192
7196
7198
7200
7204
7208
7212
7216
7224
7228
7232
7240
7244
7248
7256
7260
7264
7268
7272
7276
7280
7288
7292
7296
7304
7308
7310
7312
7316
7320
7324
7328
7336
7344
7352
7360
7372
7376
7384
7388
7392
7396
7400
7404
7408
7416
7424
7432
7436
7440
7444
7448
7456
7464
7472
7480
7484
7488
7492
7496
7500
7504
7508
7512
7516
7520
7524
7528
7532
7536
7544
7548
7552
7560
7564
7568
7572
7576
7580
7584
7592
7596
7600
7604
7608
7612
7616
7620
7624
7628
7632
7636
7640
7644
7646
7648
7652
7656
7660
7664
7672
7676
7680
7688
7692
7694
7696
7700
7704
7708
7712
7716
7720
7724
7728
7732
7736
7740
7744
7748
7752
7756
7760
7764
7768
7772
7776
7784
7788
7792
7800
7808
7812
7814
7816
7820
7824
7832
7840
7844
7848
7852
7856
7860
7864
7868
7870
7872
7876
7880
7884
7886
7888
7892
7896
7900
7904
7908
7912
7916
7920
7928
7936
7940
7942
7944
7948
7952
7956
7960
7964
7968
7972
7976
7980
7982
7984
7988
7992
7996
8000
8004
8006
8008
8012
8016
8020
8024
8028
8032
8036
8040
8048
8056
8060
8064
8066
8068
8070
8072
8076
8078
8080
8084
8088
8092
8094
8096
8100
8104
8108
8112
8120
8124
8126
8128
8132
8136
8144
8160
8176
8184
8188
8190
8192
8196
8200
8204
8208
8216
8220
8224
8240
8248
8252
8256
8288
8304
8312
8316
8318
8320
8328
8336
8344
8352
8368
8376
8384
8416
8432
8440
8444
8448
8480
8512
8544
8560
8568
8576
8592
8608
8624
8640
8672
8688
8696
8704
8768
8800
8816
8832
8896
8928
8960
9024
9088
9120
9152
9184
9200
9216
9280
9312
9344
9408
9472
9600
9728
9984
10112
10176
10208
10240
10304
10368
10496
10752
10880
11008
11072
11136
11168
11200
11216
11232
11264
11328
11360
11392
11456
11520
11552
11584
11648
11664
11680
11712
11720
11728
11744
11776
11792
11808
11840
11872
11888
11904
11912
11920
11936
11968
11972
11976
11984
12000
12032
12036
12040
12048
12064
12096
12100
12104
12112
12128
12144
12152
12160
12164
12168
12176
12192
12224
12256
12272
12280
12284
12286
12288
12320
12336
12344
12348
12350
12352
12384
12400
12408
12412
12416
12448
12464
12472
12476
12480
12512
12528
12536
12544
12608
12640
12656
12672
12704
12720
12728
12736
12752
12768
12784
12800
12864
12896
12928
12992
13056
13120
13152
13184
13216
13232
13248
13280
13312
13344
13376
13400
13424
13440
13456
13472
13484
13496
13504
13512
13520
13536
13568
13592
13616
13632
13648
13664
13680
13696
13712
13728
13736
13744
13760
13772
13776
13784
13792
13808
13824
13832
13840
13856
13868
13880
13888
13892
13896
13904
13920
13952
13964
13968
13976
13984
13988
13992
14000
14016
14020
14024
14032
14048
14060
14064
14072
14080
14084
14088
14096
14112
14116
14120
14128
14144
14148
14152
14156
14160
14168
14176
14180
14184
14192
14200
14204
14208
14212
14216
14224
14240
14256
14264
14268
14270
14272
14296
14304
14320
14328
14332
14336
14352
14360
14364
14366
14368
14380
14384
14392
14396
14400
14408
14416
14432
14448
14456
14464
14480
14488
14492
14496
14504
14512
14520
14528
14544
14552
14560
14576
14592
14608
14624
14640
14656
14672
14688
14716
14720
14732
14736
14744
14752
14764
14768
14776
14784
14792
14800
14808
14816
14828
14832
14840
14848
14852
14856
14864
14876
14880
14884
14888
14892
14896
14904
14912
14920
14928
14940
14944
14956
14960
14968
14972
14976
14980
14984
14988
14992
14996
15000
15008
15012
15016
15024
15032
15040
15048
15052
15056
15064
15068
15072
15076
15080
15084
15088
15096
15104
15108
15112
15120
15124
15128
15136
15140
15144
15152
15160
15164
15168
15172
15176
15180
15184
15188
15192
15196
15200
15204
15208
15212
15216
15224
15228
15230
15232
15236
15240
15248
15256
15260
15262
15264
15272
15280
15288
15292
15296
15308
15312
15320
15324
15328
15332
15336
15340
15344
15352
15360
15368
15372
15374
15376
15380
15384
15388
15392
15400
15408
15416
15424
15436
15440
15448
15452
15456
15460
15464
15468
15472
15480
15488
15496
15500
15504
15508
15512
15520
15528
15536
15544
15548
15552
15556
15560
15564
15568
15572
15576
15580
15584
15588
15592
15596
15600
15608
15612
15616
15624
15628
15632
15636
15640
15644
15648
15656
15660
15664
15668
15672
15676
15680
15684
15688
15692
15696
15700
15704
15708
15710
15712
15716
15720
15728
15736
15740
15744
15752
15756
15758
15760
15768
15772
15776
15788
15792
15796
15800
15804
15808
15812
15816
15820
15824
15828
15832
15836
15840
15848
15856
15864
15872
15876
15878
15880
15884
15888
15896
15904
15908
15912
15916
15920
15924
15928
15932
15934
15936
15940
15944
15948
15950
15952
15956
15960
15964
15968
15976
15984
15992
16000
16004
16006
16008
16012
16016
16024
16028
16032
16036
16040
16044
16046
16048
16052
16056
16060
16064
16068
16070
16072
16076
16080
16088
16096
16112
16128
16130
16132
16136
16144
16160
16192
16256
