count 2918104554
128
192
224
240
248
252
254
256
272
288
296
304
308
312
314
316
318
320
324
328
332
336
338
340
342
344
346
348
350
352
354
356
358
360
362
364
366
368
370
372
374
376
378
380
382
384
386
388
390
392
394
396
398
400
402
404
406
408
410
412
414
416
418
420
422
424
426
428
430
432
434
436
438
440
442
444
446
448
450
452
454
456
458
460
462
464
466
468
470
472
474
476
478
480
482
484
486
488
490
492
494
496
498
500
502
504
506
508
510
512
514
516
518
520
522
524
526
528
530
532
534
536
538
540
542
544
546
548
550
552
554
556
558
560
562
564
566
568
570
572
574
576
578
580
582
584
586
588
590
592
594
596
598
600
602
604
606
608
610
612
614
616
618
620
622
624
626
628
630
632
634
636
638
640
642
644
646
648
650
652
654
656
658
660
662
664
666
668
670
672
674
676
678
680
682
684
686
688
690
692
694
696
698
700
702
704
706
708
710
712
714
716
718
720
722
724
726
728
730
732
734
736
738
740
742
744
746
748
750
752
754
756
758
760
762
764
766
768
770
772
774
776
778
780
782
784
786
788
790
792
794
796
798
800
802
804
806
808
810
812
814
816
818
820
822
824
826
828
830
832
834
836
838
840
842
844
846
848
850
852
854
856
858
860
862
864
866
868
870
872
874
876
878
880
882
884
886
888
890
892
894
896
898
900
902
904
906
908
910
912
914
916
918
920
922
924
926
928
930
932
934
936
938
940
942
944
946
948
950
952
954
956
958
960
962
964
966
968
970
972
974
976
978
980
982
984
986
988
990
992
994
996
998
1000
1002
1004
1006
1008
1010
1012
1014
1016
1018
1020
1022
1024
1026
1028
1030
1032
1034
1036
1038
1040
1042
1044
1046
1048
1050
1052
1054
1056
1058
1060
1062
1064
1066
1068
1070
1072
1074
1076
1078
1080
1082
1084
1086
1088
1090
1092
1094
1096
1098
1100
1102
1104
1106
1108
1110
1112
1114
1116
1118
1120
1122
1124
1126
1128
1130
1132
1134
1136
1138
1140
1142
1144
1146
1148
1150
1152
1154
1156
1158
1160
1162
1164
1166
1168
1170
1172
1174
1176
1178
1180
1182
1184
1186
1188
1190
1192
1194
1196
1198
1200
1202
1204
1206
1208
1210
1212
1214
1216
1218
1220
1222
1224
1226
1228
1230
1232
1234
1236
1238
1240
1242
1244
1246
1248
1250
1252
1254
1256
1258
1260
1262
1264
1266
1268
1270
1272
1274
1276
1278
1280
1282
1284
1286
1288
1290
1292
1294
1296
1298
1300
1302
1304
1306
1308
1310
1312
1314
1316
1318
1320
1322
1324
1326
1328
1330
1332
1334
1336
1338
1340
1342
1344
1346
1348
1350
1352
1354
1356
1358
1360
1362
1364
1366
1368
1370
1372
1374
1376
1378
1380
1382
1384
1386
1388
1390
1392
1394
1396
1398
1400
1402
1404
1406
1408
1410
1412
1414
1416
1418
1420
1422
1424
1426
1428
1430
1432
1434
1436
1438
1440
1442
1444
1446
1448
1450
1452
1454
1456
1458
1460
1462
1464
1466
1468
1470
1472
1474
1476
1478
1480
1482
1484
1486
1488
1490
1492
1494
1496
1498
1500
1502
1504
1506
1508
1510
1512
1514
1516
1518
1520
1522
1524
1526
1528
1530
1532
1534
1536
1538
1540
1542
1544
1546
1548
1550
1552
1554
1556
1558
1560
1562
1564
1566
1568
1570
1572
1574
1576
1578
1580
1582
1584
1586
1588
1590
1592
1594
1596
1598
1600
1602
1604
1606
1608
1610
1612
1614
1616
1618
1620
1622
1624
1626
1628
1630
1632
1634
1636
1638
1640
1642
1644
1646
1648
1650
1652
1654
1656
1658
1660
1662
1664
1666
1668
1670
1672
1674
1676
1678
1680
1682
1684
1686
1688
1690
1692
1694
1696
1698
1700
1702
1704
1706
1708
1710
1712
1714
1716
1718
1720
1722
1724
1726
1728
1730
1732
1734
1736
1738
1740
1742
1744
1746
1748
1750
1752
1754
1756
1758
1760
1762
1764
1766
1768
1770
1772
1774
1776
1778
1780
1782
1784
1786
1788
1790
1792
1794
1796
1798
1800
1802
1804
1806
1808
1810
1812
1814
1816
1818
1820
1822
1824
1826
1828
1830
1832
1834
1836
1838
1840
1842
1844
1846
1848
1850
1852
1854
1856
1858
1860
1862
1864
1866
1868
1870
1872
1874
1876
1878
1880
1882
1884
1886
1888
1890
1892
1894
1896
1898
1900
1902
1904
1906
1908
1910
1912
1914
1916
1918
1920
1922
1924
1926
1928
1930
1932
1934
1936
1938
1940
1942
1944
1946
1948
1950
1952
1954
1956
1958
1960
1962
1964
1966
1968
1970
1972
1974
1976
1978
1980
1982
1984
1986
1988
1990
1992
1994
1996
1998
2000
2002
2004
2006
2008
2010
2012
2014
2016
2018
2020
2022
2024
2026
2028
2030
2032
2034
2036
2038
2040
2042
2044
2046
2048
2050
2052
2054
2056
2058
2060
2062
2064
2066
2068
2070
2072
2074
2076
2078
2080
2082
2084
2086
2088
2090
2092
2094
2096
2098
2100
2102
2104
2106
2108
2110
2112
2114
2116
2118
2120
2122
2124
2126
2128
2130
2132
2134
2136
2138
2140
2142
2144
2146
2148
2150
2152
2154
2156
2158
2160
2162
2164
2166
2168
2170
2172
2174
2176
2178
2180
2182
2184
2186
2188
2190
2192
2194
2196
2198
2200
2202
2204
2206
2208
2210
2212
2214
2216
2218
2220
2222
2224
2226
2228
2230
2232
2234
2236
2238
2240
2242
2244
2246
2248
2250
2252
2254
2256
2258
2260
2262
2264
2266
2268
2270
2272
2274
2276
2278
2280
2282
2284
2286
2288
2290
2292
2294
2296
2298
2300
2302
2304
2306
2308
2310
2312
2314
2316
2318
2320
2322
2324
2326
2328
2330
2332
2334
2336
2338
2340
2342
2344
2346
2348
2350
2352
2354
2356
2358
2360
2362
2364
2366
2368
2370
2372
2374
2376
2378
2380
2382
2384
2386
2388
2390
2392
2394
2396
2398
2400
2402
2404
2406
2408
2410
2412
2414
2416
2418
2420
2422
2424
2426
2428
2430
2432
2434
2436
2438
2440
2442
2444
2446
2448
2450
2452
2454
2456
2458
2460
2462
2464
2466
2468
2470
2472
2474
2476
2478
2480
2482
2484
2486
2488
2490
2492
2494
2496
2498
2500
2502
2504
2506
2508
2510
2512
2514
2516
2518
2520
2522
2524
2526
2528
2530
2532
2534
2536
2538
2540
2542
2544
2546
2548
2550
2552
2554
2556
2558
2560
2562
2564
2566
2568
2570
2572
2574
2576
2578
2580
2582
2584
2586
2588
2590
2592
2594
2596
2598
2600
2602
2604
2606
2608
2610
2612
2614
2616
2618
2620
2622
2624
2626
2628
2630
2632
2634
2636
2638
2640
2642
2644
2646
2648
2650
2652
2654
2656
2658
2660
2662
2664
2666
2668
2670
2672
2674
2676
2678
2680
2682
2684
2686
2688
2690
2692
2694
2696
2698
2700
2702
2704
2706
2708
2710
2712
2714
2716
2718
2720
2722
2724
2726
2728
2730
2732
2734
2736
2738
2740
2742
2744
2746
2748
2750
2752
2754
2756
2758
2760
2762
2764
2766
2768
2770
2772
2774
2776
2778
2780
2782
2784
2786
2788
2790
2792
2794
2796
2798
2800
2802
2804
2806
2808
2810
2812
2814
2816
2818
2820
2822
2824
2826
2828
2830
2832
2834
2836
2838
2840
2842
2844
2846
2848
2850
2852
2854
2856
2858
2860
2862
2864
2866
2868
2870
2872
2874
2876
2878
2880
2882
2884
2886
2888
2890
2892
2894
2896
2898
2900
2902
2904
2906
2908
2910
2912
2914
2916
2918
2920
2922
2924
2926
2928
2930
2932
2934
2936
2938
2940
2942
2944
2946
2948
2950
2952
2954
2956
2958
2960
2962
2964
2966
2968
2970
2972
2974
2976
2978
2980
2982
2984
2986
2988
2990
2992
2994
2996
2998
3000
3002
3004
3006
3008
3010
3012
3014
3016
3018
3020
3022
3024
3026
3028
3030
3032
3034
3036
3038
3040
3042
3044
3046
3048
3050
3052
3054
3056
3058
3060
3062
3064
3066
3068
3070
3072
3074
3076
3078
3080
3082
3084
3086
3088
3090
3092
3094
3096
3098
3100
3102
3104
3106
3108
3110
3112
3114
3116
3118
3120
3122
3124
3128
3130
3132
3134
3136
3138
3140
3142
3144
3146
3148
3150
3152
3154
3156
3158
3160
3162
3164
3166
3168
3170
3172
3174
3176
3178
3180
3182
3184
3186
3188
3190
3192
3194
3196
3198
3200
3202
3204
3206
3208
3210
3212
3214
3216
3218
3220
3222
3224
3226
3228
3230
3232
3234
3236
3238
3240
3242
3244
3246
3248
3250
3252
3254
3256
3258
3260
3262
3264
3266
3268
3270
3272
3274
3276
3278
3280
3282
3284
3286
3288
3290
3292
3294
3296
3298
3300
3302
3304
3306
3308
3312
3314
3316
3318
3320
3322
3324
3326
3328
3330
3332
3334
3336
3338
3340
3344
3346
3348
3352
3354
3356
3358
3360
3362
3364
3368
3370
3372
3374
3376
3378
3380
3382
3384
3386
3388
3390
3392
3394
3396
3398
3400
3402
3404
3406
3408
3410
3412
3414
3416
3418
3420
3422
3424
3426
3428
3430
3432
3434
3436
3440
3442
3444
3446
3448
3450
3452
3454
3456
3458
3460
3462
3464
3466
3468
3470
3472
3474
3476
3478
3480
3482
3484
3486
3488
3490
3492
3494
3496
3498
3500
3502
3504
3506
3508
3510
3512
3514
3516
3518
3520
3522
3524
3526
3528
3530
3532
3534
3536
3538
3540
3542
3544
3546
3548
3552
3554
3556
3558
3560
3562
3564
3566
3568
3570
3572
3574
3576
3578
3580
3582
3584
3586
3588
3590
3592
3594
3596
3598
3600
3602
3604
3606
3608
3610
3612
3614
3616
3618
3620
3622
3624
3626
3628
3630
3632
3634
3636
3638
3640
3642
3644
3646
3648
3650
3652
3654
3656
3658
3660
3662
3664
3666
3668
3670
3672
3674
3676
3678
3680
3682
3684
3686
3688
3690
3692
3694
3696
3698
3700
3702
3704
3706
3708
3710
3712
3714
3716
3718
3720
3722
3724
3726
3728
3730
3732
3734
3736
3738
3740
3742
3744
3746
3748
3750
3752
3754
3756
3758
3760
3762
3764
3766
3768
3770
3772
3774
3776
3778
3780
3782
3784
3786
3788
3790
3792
3794
3796
3798
3800
3802
3804
3806
3808
3810
3812
3814
3816
3818
3820
3822
3824
3826
3828
3830
3832
3834
3836
3838
3840
3842
3844
3846
3848
3850
3852
3854
3856
3858
3860
3862
3864
3866
3868
3870
3872
3874
3876
3878
3880
3882
3884
3886
3888
3890
3892
3894
3896
3898
3900
3902
3904
3906
3908
3910
3912
3914
3916
3918
3920
3922
3924
3926
3928
3930
3932
3934
3936
3938
3940
3942
3944
3946
3948
3950
3952
3954
3956
3958
3960
3962
3964
3966
3968
3970
3972
3974
3976
3978
3980
3982
3984
3986
3988
3990
3992
3994
3996
3998
4000
4002
4004
4006
4008
4010
4012
4014
4016
4018
4020
4022
4024
4026
4028
4030
4032
4034
4036
4038
4040
4042
4044
4046
4048
4050
4052
4054
4056
4058
4060
4062
4064
4066
4068
4070
4072
4074
4076
4078
4080
4082
4084
4086
4088
4090
4092
4094
4096
4098
4100
4102
4104
4106
4108
4110
4112
4114
4116
4118
4120
4122
4124
4126
4128
4130
4132
4134
4136
4138
4140
4142
4144
4146
4148
4150
4152
4154
4156
4158
4160
4162
4164
4166
4168
4170
4172
4174
4176
4178
4180
4182
4184
4186
4188
4190
4192
4194
4196
4198
4200
4202
4204
4206
4208
4210
4212
4214
4216
4218
4220
4222
4224
4226
4228
4230
4232
4234
4236
4238
4240
4242
4244
4246
4248
4250
4252
4254
4256
4258
4260
4262
4264
4266
4268
4270
4272
4274
4276
4278
4280
4282
4284
4286
4288
4290
4292
4294
4296
4298
4300
4302
4304
4306
4308
4310
4312
4314
4316
4318
4320
4322
4324
4326
4328
4330
4332
4334
4336
4338
4340
4342
4344
4346
4348
4350
4352
4354
4356
4358
4360
4362
4364
4366
4368
4370
4372
4374
4376
4378
4380
4382
4384
4386
4388
4390
4392
4394
4396
4398
4400
4402
4404
4406
4408
4410
4412
4414
4416
4418
4420
4422
4424
4426
4428
4430
4432
4434
4436
4438
4440
4442
4444
4446
4448
4450
4452
4454
4456
4458
4460
4462
4464
4466
4468
4470
4472
4474
4476
4478
4480
4482
4484
4486
4488
4490
4492
4494
4496
4498
4500
4502
4504
4506
4508
4510
4512
4514
4516
4518
4520
4522
4524
4526
4528
4530
4532
4534
4536
4538
4540
4542
4544
4546
4548
4550
4552
4554
4556
4558
4560
4562
4564
4566
4568
4570
4572
4574
4576
4578
4580
4582
4584
4586
4588
4590
4592
4594
4596
4598
4600
4602
4604
4606
4608
4610
4612
4614
4616
4618
4620
4622
4624
4626
4628
4630
4632
4634
4636
4638
4640
4642
4644
4646
4648
4650
4652
4654
4656
4658
4660
4662
4664
4666
4668
4670
4672
4674
4676
4678
4680
4682
4684
4688
4690
4692
4694
4696
4698
4700
4702
4704
4706
4708
4710
4712
4714
4716
4718
4720
4722
4724
4728
4730
4732
4736
4738
4740
4742
4744
4746
4748
4750
4752
4754
4756
4760
4762
4764
4768
4770
4772
4774
4776
4778
4780
4782
4784
4786
4788
4790
4792
4794
4796
4798
4800
4802
4804
4808
4810
4812
4816
4818
4820
4824
4826
4828
4832
4834
4836
4838
4840
4842
4844
4846
4848
4850
4852
4856
4858
4860
4864
4866
4868
4870
4872
4874
4876
4878
4880
4882
4884
4886
4888
4890
4892
4896
4898
4900
4902
4904
4906
4908
4912
4914
4916
4920
4922
4924
4928
4930
4932
4934
4936
4938
4940
4944
4946
4948
4952
4954
4956
4958
4960
4962
4964
4966
4968
4970
4972
4974
4976
4978
4980
4984
4986
4988
4992
4994
4996
4998
5000
5004
5006
5008
5010
5012
5016
5018
5020
5024
5026
5028
5030
5032
5034
5036
5038
5040
5042
5044
5046
5048
5050
5052
5054
5056
5058
5060
5062
5064
5066
5068
5072
5074
5076
5080
5082
5084
5088
5090
5092
5094
5096
5098
5100
5102
5104
5106
5108
5110
5112
5114
5116
5118
5120
5122
5124
5126
5128
5130
5132
5134
5136
5138
5140
5144
5146
5148
5150
5152
5154
5156
5158
5160
5162
5164
5168
5170
5172
5174
5176
5178
5180
5182
5184
5186
5188
5190
5192
5194
5196
5200
5202
5204
5208
5210
5212
5216
5218
5220
5222
5224
5228
5230
5232
5234
5236
5240
5242
5244
5248
5250
5252
5254
5256
5258
5260
5264
5266
5268
5272
5274
5276
5280
5282
5284
5288
5290
5292
5294
5296
5298
5300
5304
5306
5308
5312
5314
5316
5318
5320
5322
5324
5328
5330
5332
5336
5338
5340
5344
5346
5348
5350
5352
5354
5356
5360
5364
5368
5372
5376
5378
5380
5384
5386
5388
5392
5394
5396
5400
5404
5408
5410
5412
5416
5418
5420
5424
5426
5428
5432
5434
5436
5440
5444
5448
5450
5452
5456
5458
5460
5464
5468
5472
5474
5476
5480
5484
5486
5488
5490
5492
5496
5500
5504
5506
5508
5512
5516
5520
5522
5524
5528
5530
5532
5536
5538
5540
5544
5546
5548
5552
5556
5560
5564
5568
5570
5572
5576
5580
5584
5586
5588
5592
5594
5596
5600
5602
5604
5608
5612
5616
5618
5620
5624
5628
5632
5634
5636
5640
5644
5648
5652
5656
5660
5664
5666
5668
5672
5676
5680
5682
5684
5688
5692
5696
5698
5700
5704
5708
5712
5714
5716
5720
5724
5728
5730
5732
5736
5740
5744
5748
5752
5756
5760
5762
5764
5768
5770
5772
5776
5780
5784
5788
5792
5796
5798
5800
5804
5808
5810
5812
5816
5820
5824
5826
5828
5832
5834
5836
5840
5842
5844
5848
5852
5856
5858
5860
5864
5868
5872
5874
5876
5880
5882
5884
5888
5890
5892
5894
5896
5900
5904
5906
5908
5912
5914
5916
5920
5924
5928
5930
5932
5936
5938
5940
5944
5946
5948
5952
5954
5956
5958
5960
5962
5964
5968
5972
5976
5978
5980
5984
5986
5988
5992
5996
6000
6002
6004
6008
6010
6012
6014
6016
6018
6020
6022
6024
6026
6028
6032
6034
6036
6040
6044
6048
6050
6052
6054
6056
6058
6060
6064
6066
6068
6072
6074
6076
6080
6082
6084
6086
6088
6092
6096
6098
6100
6104
6106
6108
6112
6114
6116
6120
6122
6124
6128
6130
6132
6136
6138
6140
6142
6144
6146
6148
6150
6152
6154
6156
6160
6162
6164
6168
6170
6172
6176
6178
6180
6182
6184
6188
6192
6194
6196
6200
6202
6204
6206
6208
6210
6212
6216
6218
6220
6224
6226
6228
6232
6234
6236
6238
6240
6242
6244
6248
6252
6256
6258
6260
6264
6266
6268
6270
6272
6274
6276
6278
6280
6284
6288
6290
6292
6296
6298
6300
6302
6304
6306
6308
6312
6314
6316
6320
6322
6324
6328
6330
6332
6334
6336
6338
6340
6344
6348
6352
6354
6356
6360
6362
6364
6368
6372
6376
6380
6384
6386
6388
6392
6396
6398
6400
6402
6404
6408
6410
6412
6416
6418
6420
6424
6426
6428
6432
6434
6436
6440
6442
6444
6448
6450
6452
6456
6458
6460
6464
6466
6468
6472
6476
6480
6482
6484
6488
6492
6496
6498
6500
6504
6508
6512
6514
6516
6520
6524
6528
6530
6532
6536
6540
6544
6548
6552
6554
6556
6560
6562
6564
6568
6572
6576
6578
6580
6584
6588
6592
6594
6596
6600
6604
6608
6610
6612
6616
6620
6624
6626
6628
6632
6636
6640
6644
6648
6652
6656
6658
6660
6664
6668
6672
6674
6676
6680
6684
6688
6690
6692
6696
6700
6702
6704
6706
6708
6712
6716
6720
6722
6724
6728
6732
6736
6740
6744
6748
6752
6756
6760
6764
6768
6770
6772
6776
6778
6780
6784
6788
6792
6794
6796
6800
6802
6804
6806
6808
6812
6814
6816
6818
6820
6822
6824
6826
6828
6832
6834
6836
6840
6844
6848
6850
6852
6856
6860
6864
6866
6868
6872
6876
6880
6882
6884
6888
6890
6892
6896
6898
6900
6904
6908
6912
6914
6916
6920
6924
6928
6932
6936
6938
6940
6944
6946
6948
6950
6952
6956
6958
6960
6962
6964
6968
6972
6976
6978
6980
6982
6984
6986
6988
6992
6994
6996
7000
7002
7004
7008
7010
7012
7014
7016
7018
7020
7024
7026
7028
7032
7034
7036
7040
7042
7044
7046
7048
7052
7056
7058
7060
7062
7064
7068
7070
7072
7074
7076
7078
7080
7082
7084
7086
7088
7090
7092
7096
7098
7100
7104
7106
7108
7110
7112
7114
7116
7120
7122
7124
7128
7130
7132
7136
7138
7140
7142
7144
7146
7148
7150
7152
7154
7156
7158
7160
7162
7164
7166
7168
7170
7172
7174
7176
7178
7180
7182
7184
7186
7188
7190
7192
7194
7196
7198
7200
7202
7204
7208
7210
7212
7214
7216
7218
7220
7224
7226
7228
7230
7232
7234
7236
7240
7244
7248
7250
7252
7256
7258
7260
7262
7264
7266
7268
7272
7274
7276
7280
7282
7284
7288
7290
7292
7294
7296
7298
7300
7304
7308
7310
7312
7314
7316
7318
7320
7322
7324
7326
7328
7330
7332
7334
7336
7338
7340
7344
7346
7348
7352
7356
7358
7360
7362
7364
7368
7370
7372
7376
7378
7380
7384
7388
7392
7394
7396
7400
7404
7406
7408
7410
7412
7416
7418
7420
7422
7424
7426
7428
7432
7434
7436
7438
7440
7442
7444
7446
7448
7450
7452
7454
7456
7458
7460
7462
7464
7466
7468
7470
7472
7474
7476
7480
7484
7486
7488
7490
7492
7494
7496
7498
7500
7504
7506
7508
7510
7512
7514
7516
7520
7522
7524
7526
7528
7532
7534
7536
7538
7540
7544
7546
7548
7550
7552
7554
7556
7558
7560
7562
7564
7566
7568
7570
7572
7574
7576
7578
7580
7582
7584
7586
7588
7590
7592
7594
7596
7598
7600
7604
7606
7608
7610
7612
7616
7618
7620
7622
7624
7628
7630
7632
7634
7636
7638
7640
7642
7644
7646
7648
7650
7652
7654
7656
7658
7660
7662
7664
7666
7668
7670
7672
7674
7676
7678
7680
7682
7684
7688
7690
7692
7694
7696
7698
7700
7702
7704
7706
7708
7710
7712
7714
7716
7718
7720
7722
7724
7726
7728
7730
7732
7734
7736
7740
7742
7744
7746
7748
7750
7752
7754
7756
7758
7760
7762
7764
7766
7768
7770
7772
7774
7776
7778
7780
7782
7784
7786
7788
7790
7792
7794
7796
7798
7800
7802
7804
7806
7808
7810
7812
7814
7816
7818
7820
7822
7824
7826
7828
7830
7832
7834
7836
7838
7840
7842
7844
7846
7848
7850
7852
7854
7856
7858
7860
7862
7864
7866
7868
7870
7872
7874
7876
7878
7880
7882
7884
7886
7888
7890
7892
7894
7896
7898
7900
7902
7904
7906
7908
7910
7912
7914
7916
7918
7920
7922
7924
7926
7928
7930
7932
7934
7936
7938
7940
7942
7944
7946
7948
7950
7952
7954
7956
7958
7960
7962
7964
7966
7968
7970
7972
7974
7976
7978
7980
7982
7984
7986
7988
7990
7992
7994
7996
7998
8000
8002
8004
8006
8008
8010
8012
8014
8016
8018
8020
8022
8024
8026
8028
8030
8032
8034
8036
8038
8040
8042
8044
8048
8050
8052
8054
8056
8058
8060
8062
8064
8066
8068
8070
8072
8074
8076
8078
8080
8082
8084
8086
8088
8090
8092
8094
8096
8098
8100
8102
8104
8106
8108
8110
8112
8114
8116
8120
8122
8124
8126
8128
8130
8132
8134
8136
8138
8140
8144
8146
8148
8152
8154
8156
8160
8162
8164
8168
8172
8176
8178
8180
8184
8186
8188
8190
8192
8194
8196
8198
8200
8202
8204
8206
8208
8210
8212
8216
8218
8220
8222
8224
8228
8232
8234
8236
8240
8244
8248
8250
8252
8254
8256
8258
8260
8264
8266
8268
8272
8274
8276
8280
8282
8284
8288
8290
8292
8296
8300
8304
8306
8308
8312
8314
8316
8318
8320
8322
8324
8328
8332
8336
8340
8344
8348
8352
8356
8360
8364
8368
8370
8372
8376
8378
8380
8384
8386
8388
8392
8396
8400
8402
8404
8408
8412
8416
8420
8424
8428
8432
8436
8440
8442
8444
8448
8450
8452
8456
8460
8464
8466
8468
8472
8476
8480
8484
8488
8492
8496
8498
8500
8504
8508
8512
8514
8516
8520
8524
8528
8532
8536
8540
8544
8546
8548
8552
8556
8560
8562
8564
8568
8570
8572
8576
8580
8584
8588
8592
8596
8600
8604
8608
8610
8612
8616
8620
8624
8628
8632
8636
8640
8644
8648
8652
8656
8660
8664
8668
8672
8676
8680
8684
8688
8690
8692
8696
8704
8708
8712
8720
8724
8728
8732
8736
8738
8740
8744
8748
8752
8756
8760
8764
8768
8772
8776
8780
8784
8788
8792
8800
8804
8808
8812
8816
8820
8824
8828
8832
8836
8840
8844
8848
8852
8856
8860
8864
8868
8872
8876
8880
8884
8888
8892
8896
8900
8904
8912
8920
8928
8932
8936
8940
8944
8948
8952
8960
8962
8964
8968
8972
8976
8980
8984
8988
8992
8994
8996
9000
9004
9008
9012
9016
9020
9024
9026
9028
9032
9036
9040
9048
9052
9056
9058
9060
9064
9068
9072
9074
9076
9080
9084
9088
9090
9092
9096
9100
9104
9108
9112
9116
9120
9124
9128
9136
9140
9144
9148
9152
9156
9160
9168
9172
9176
9180
9184
9186
9188
9192
9200
9208
9212
9216
9218
9220
9224
9232
9236
9240
9244
9248
9256
9260
9264
9268
9272
9276
9280
9284
9288
9296
9304
9308
9312
9320
9324
9328
9332
9336
9340
9344
9348
9352
9360
9364
9368
9372
9376
9380
9384
9392
9396
9400
9408
9416
9424
9432
9436
9440
9448
9452
9456
9464
9468
9472
9480
9488
9492
9504
9512
9520
9528
9536
9544
9552
9556
9560
9564
9568
9572
9576
9588
9600
9608
9616
9632
9648
9656
9664
9672
9680
9684
9696
9704
9712
9728
9736
9744
9760
9768
9776
9792
9800
9808
9824
9856
9860
9864
9872
9888
9904
9920
9924
9928
9936
9944
9952
9956
9960
9968
9984
9986
9988
9992
10000
10016
10032
10040
10048
10050
10052
10056
10064
10080
10082
10084
10088
10096
10112
10116
10120
10128
10144
10148
10152
10160
10168
10172
10176
10178
10180
10184
10192
10208
10224
10232
10236
10240
10242
10244
10248
10256
10264
10268
10272
10288
10296
10300
10304
10308
10312
10320
10328
10332
10336
10352
10360
10364
10368
10370
10372
10376
10384
10400
10416
10424
10428
10432
10436
10440
10448
10456
10460
10464
10472
10480
10488
10496
10504
10512
10528
10544
10552
10560
10568
10576
10592
10608
10624
10640
10656
10672
10688
10704
10712
10720
10736
10752
10768
10784
10800
10808
10816
10824
10832
10848
10856
10864
10880
10904
10912
10920
10928
10936
10944
10952
10960
10964
10968
10976
10984
10992
11000
11008
11016
11024
11040
11044
11048
11056
11072
11080
11088
11090
11092
11096
11104
11108
11112
11120
11128
11132
11136
11140
11144
11152
11156
11160
11168
11176
11184
11192
11196
11200
11204
11208
11216
11224
11228
11232
11234
11236
11240
11248
11252
11256
11260
11264
11266
11268
11272
11276
11280
11288
11292
11296
11300
11304
11312
11320
11324
11328
11330
11332
11336
11340
11344
11348
11352
11356
11360
11364
11368
11376
11384
11388
11392
11396
11400
11408
11412
11416
11420
11424
11426
11428
11432
11440
11444
11448
11452
11456
11464
11468
11472
11480
11488
11492
11496
11504
11512
11520
11524
11528
11536
11540
11544
11552
11560
11568
11576
11580
11584
11588
11592
11594
11596
11600
11604
11608
11612
11616
11624
11632
11636
11640
11644
11648
11652
11656
11664
11668
11672
11676
11680
11684
11688
11696
11704
11708
11712
11720
11724
11728
11730
11732
11736
11740
11744
11748
11752
11756
11760
11764
11768
11772
11776
11778
11780
11784
11788
11792
11796
11800
11804
11808
11810
11812
11816
11820
11824
11828
11832
11836
11840
11844
11846
11848
11852
11856
11860
11864
11868
11872
11874
11876
11880
11884
11888
11892
11896
11900
11904
11908
11912
11916
11920
11924
11928
11932
11936
11940
11944
11948
11952
11954
11956
11960
11964
11968
11972
11976
11978
11980
11984
11988
11992
11996
12000
12004
12008
12012
12016
12020
12024
12028
12032
12034
12036
12040
12044
12048
12050
12052
12056
12060
12064
12068
12072
12076
12080
12084
12088
12092
12096
12098
12100
12102
12104
12108
12112
12116
12120
12124
12128
12132
12136
12140
12144
12146
12148
12152
12156
12160
12162
12164
12168
12170
12172
12176
12180
12184
12188
12192
12196
12200
12204
12208
12210
12212
12216
12218
12220
12224
12226
12228
12230
12232
12236
12240
12242
12244
12248
12252
12256
12258
12260
12264
12266
12268
12272
12274
12276
12280
12282
12284
12286
12288
12290
12292
12296
12300
12304
12308
12312
12314
12316
12320
12322
12324
12328
12332
12336
12338
12340
12344
12346
12348
12350
12352
12356
12360
12364
12368
12370
12372
12376
12380
12384
12388
12392
12396
12400
12404
12408
12410
12412
12416
12420
12424
12428
12432
12434
12436
12440
12444
12448
12452
12456
12460
12464
12466
12468
12472
12474
12476
12480
12482
12484
12488
12492
12496
12500
12504
12508
12512
12516
12520
12524
12528
12530
12532
12536
12540
12544
12546
12548
12552
12556
12560
12564
12568
12572
12576
12580
12584
12588
12592
12596
12600
12602
12604
12608
12612
12616
12620
12624
12628
12632
12636
12640
12644
12648
12652
12656
12658
12660
12664
12668
12672
12676
12680
12684
12688
12692
12696
12700
12704
12706
12708
12712
12716
12720
12722
12724
12728
12732
12736
12740
12744
12748
12752
12754
12756
12760
12764
12768
12770
12772
12776
12780
12784
12788
12792
12796
12800
12802
12804
12808
12812
12816
12820
12824
12828
12832
12836
12840
12844
12848
12852
12856
12860
12864
12866
12868
12872
12876
12880
12884
12888
12892
12896
12900
12904
12908
12912
12920
12928
12932
12936
12940
12944
12948
12952
12956
12960
12964
12968
12972
12976
12980
12984
12992
12994
12996
13000
13008
13012
13016
13024
13028
13032
13036
13040
13048
13052
13056
13060
13064
13068
13072
13076
13080
13088
13092
13096
13100
13104
13106
13108
13112
13120
13124
13128
13132
13136
13144
13148
13152
13154
13156
13160
13168
13172
13176
13180
13184
13186
13188
13192
13200
13204
13208
13212
13216
13218
13220
13224
13232
13236
13240
13244
13248
13250
13252
13256
13264
13268
13272
13276
13280
13284
13288
13292
13296
13300
13304
13308
13312
13316
13320
13328
13332
13336
13340
13344
13346
13348
13352
13356
13358
13360
13364
13368
13372
13376
13380
13384
13388
13392
13400
13404
13408
13412
13416
13420
13424
13428
13432
13436
13440
13444
13448
13452
13456
13460
13464
13468
13472
13476
13480
13484
13488
13492
13496
13498
13500
13504
13508
13512
13514
13516
13520
13522
13524
13528
13532
13536
13538
13540
13544
13548
13552
13556
13560
13564
13568
13570
13572
13576
13580
13584
13586
13588
13592
13596
13600
13604
13608
13610
13612
13616
13620
13624
13628
13632
13634
13636
13640
13644
13648
13650
13652
13656
13660
13664
13666
13668
13672
13676
13680
13684
13688
13692
13696
13700
13704
13708
13712
13716
13720
13724
13728
13730
13732
13736
13740
13744
13746
13748
13752
13756
13760
13762
13764
13768
13772
13776
13778
13780
13784
13788
13792
13794
13796
13800
13804
13808
13812
13816
13820
13824
13826
13828
13832
13836
13840
13844
13848
13852
13856
13860
13862
13864
13868
13870
13872
13874
13876
13880
13884
13888
13890
13892
13894
13896
13898
13900
13904
13906
13908
13912
13916
13920
13922
13924
13928
13932
13936
13940
13944
13946
13948
13952
13954
13956
13960
13964
13968
13970
13972
13976
13980
13984
13988
13992
13994
13996
14000
14002
14004
14008
14012
14016
14018
14020
14022
14024
14028
14032
14036
14040
14044
14048
14052
14056
14060
14064
14066
14068
14072
14076
14080
14084
14086
14088
14090
14092
14096
14098
14100
14104
14108
14112
14114
14116
14118
14120
14124
14126
14128
14130
14132
14136
14138
14140
14144
14146
14148
14150
14152
14156
14160
14162
14164
14168
14170
14172
14176
14180
14182
14184
14186
14188
14192
14194
14196
14200
14202
14204
14208
14210
14212
14216
14220
14224
14226
14228
14232
14234
14236
14240
14242
14244
14246
14248
14252
14254
14256
14258
14260
14264
14266
14268
14270
14272
14276
14280
14282
14284
14288
14292
14296
14298
14300
14304
14306
14308
14312
14314
14316
14320
14324
14328
14330
14332
14336
14338
14340
14344
14348
14352
14354
14356
14360
14362
14364
14366
14368
14372
14376
14380
14382
14384
14388
14392
14394
14396
14400
14402
14404
14408
14412
14416
14418
14420
14424
14426
14428
14432
14436
14440
14444
14448
14450
14452
14456
14460
14464
14466
14468
14472
14474
14476
14480
14482
14484
14488
14490
14492
14496
14498
14500
14504
14506
14508
14512
14514
14516
14520
14524
14528
14530
14532
14536
14540
14544
14546
14548
14552
14556
14560
14562
14564
14568
14572
14576
14580
14584
14588
14592
14594
14596
14600
14604
14608
14612
14616
14618
14620
14624
14628
14632
14636
14640
14642
14644
14648
14652
14656
14660
14664
14668
14672
14674
14676
14680
14684
14688
14690
14692
14696
14700
14704
14708
14712
14716
14720
14722
14724
14728
14732
14736
14738
14740
14744
14748
14752
14754
14756
14760
14764
14766
14768
14772
14776
14780
14784
14786
14788
14792
14796
14800
14804
14808
14812
14816
14820
14824
14828
14830
14832
14834
14836
14840
14842
14844
14848
14852
14856
14858
14860
14864
14866
14868
14870
14872
14876
14878
14880
14882
14884
14886
14888
14890
14892
14894
14896
14898
14900
14904
14908
14912
14914
14916
14918
14920
14924
14928
14930
14932
14936
14940
14944
14946
14948
14952
14954
14956
14960
14962
14964
14968
14972
14976
14978
14980
14984
14988
14992
14996
15000
15002
15004
15008
15010
15012
15014
15016
15020
15022
15024
15026
15028
15032
15036
15040
15042
15044
15046
15048
15050
15052
15054
15056
15058
15060
15064
15066
15068
15072
15074
15076
15078
15080
15082
15084
15088
15090
15092
15096
15098
15100
15104
15106
15108
15110
15112
15116
15120
15122
15124
15126
15128
15132
15134
15136
15138
15140
15142
15144
15146
15148
15150
15152
15154
15156
15158
15160
15162
15164
15166
15168
15170
15172
15174
15176
15178
15180
15184
15186
15188
15192
15194
15196
15200
15202
15204
15208
15210
15212
15216
15218
15220
15224
15226
15228
15230
15232
15234
15236
15240
15244
15248
15250
15252
15254
15256
15258
15260
15262
15264
15266
15268
15272
15274
15276
15278
15280
15284
15288
15290
15292
15296
15298
15300
15304
15308
15310
15312
15314
15316
15320
15322
15324
15326
15328
15332
15336
15338
15340
15344
15346
15348
15352
15356
15360
15362
15364
15368
15372
15374
15376
15380
15382
15384
15386
15388
15392
15394
15396
15398
15400
15404
15408
15410
15412
15416
15420
15424
15426
15428
15430
15432
15434
15436
15440
15442
15444
15448
15452
15456
15458
15460
15464
15468
15470
15472
15476
15480
15484
15488
15492
15496
15498
15500
15502
15504
15506
15508
15510
15512
15514
15516
15518
15520
15522
15524
15526
15528
15530
15532
15534
15536
15538
15540
15544
15548
15550
15552
15554
15556
15558
15560
15562
15564
15568
15570
15572
15574
15576
15578
15580
15584
15586
15588
15590
15592
15596
15598
15600
15602
15604
15608
15610
15612
15614
15616
15618
15620
15622
15624
15626
15628
15630
15632
15634
15636
15638
15640
15642
15644
15646
15648
15650
15652
15654
15656
15658
15660
15662
15664
15668
15670
15672
15674
15676
15680
15682
15684
15686
15688
15692
15696
15698
15700
15704
15706
15708
15710
15712
15716
15720
15722
15724
15726
15728
15730
15732
15736
15738
15740
15742
15744
15746
15748
15750
15752
15754
15756
15758
15760
15762
15764
15766
15768
15770
15772
15776
15778
15780
15782
15784
15788
15792
15794
15796
15798
15800
15804
15808
15810
15812
15814
15816
15818
15820
15822
15824
15826
15828
15830
15832
15834
15836
15838
15840
15842
15844
15846
15848
15850
15852
15854
15856
15858
15860
15862
15864
15866
15868
15870
15872
15874
15876
15878
15880
15882
15884
15886
15888
15890
15892
15894
15896
15898
15900
15904
15906
15908
15910
15912
15914
15916
15918
15920
15922
15924
15928
15930
15932
15934
15936
15938
15940
15942
15944
15946
15948
15950
15952
15954
15956
15958
15960
15962
15964
15968
15970
15972
15974
15976
15978
15980
15982
15984
15986
15988
15992
15994
15996
15998
16000
16002
16004
16006
16008
16010
16012
16016
16018
16020
16024
16028
16032
16034
16036
16040
16042
16044
16046
16048
16052
16056
16060
16064
16066
16068
16070
16072
16076
16080
16088
16096
16112
16128
16130
16132
16136
16144
16160
16192
16256
16384
